desc: I1 cache:         32768 B, 64 B, 8-way associative
desc: D1 cache:         32768 B, 64 B, 8-way associative
desc: LL cache:         3145728 B, 64 B, 12-way associative
cmd: ./quicksort 100 100
events: Ir Bc Bcm Bi Bim
fl=/build/glibc-OTsEL5/glibc-2.27/csu/../csu/init-first.c
fn=_init
52 8 0 0 0 0
55 4 1 1 0 0
62 5 1 1 0 0
67 1 0 0 0 0
68 1 0 0 0 0
69 2 0 0 0 0
81 4 0 0 0 0
84 1 0 0 0 0
89 6 0 0 0 0
fl=/build/glibc-OTsEL5/glibc-2.27/csu/../csu/libc-start.c
fn=(below main)
137 10 0 0 0 0
141 4 1 1 0 0
239 2 1 0 0 0
240 4 0 0 0 0
262 4 1 0 0 0
265 2 1 0 0 0
266 5 0 0 1 1
270 4 1 0 0 0
285 2 1 0 0 0
297 2 0 0 0 0
298 2 1 0 0 0
303 2 0 0 0 0
304 2 0 0 0 0
307 2 0 0 0 0
310 6 0 0 1 1
344 2 0 0 0 0
fl=/build/glibc-OTsEL5/glibc-2.27/csu/../sysdeps/generic/dl-hash.h
fn=_init
43 1 0 0 0 0
44 1 0 0 0 0
45 13 4 3 0 0
48 12 0 0 0 0
62 16 0 0 0 0
67 1 0 0 0 0
fl=/build/glibc-OTsEL5/glibc-2.27/csu/../sysdeps/unix/sysv/linux/x86_64/init-first.c
fn=_init
36 7 1 0 0 0
38 4 0 0 0 0
40 3 0 0 0 0
41 2 0 0 0 0
42 1 0 0 0 0
44 3 0 0 0 0
45 2 0 0 0 0
46 1 0 0 0 0
fl=/build/glibc-OTsEL5/glibc-2.27/ctype/ctype-info.c
fn=__ctype_init
31 7 0 0 0 0
33 4 0 0 0 0
35 4 0 0 0 0
36 1 0 0 0 0
fl=/build/glibc-OTsEL5/glibc-2.27/elf/../elf/dl-runtime.c
fn=_dl_fixup
66 6 0 0 0 0
68 2 0 0 0 0
69 4 0 0 0 0
72 10 0 0 0 0
73 14 0 0 0 0
75 6 0 0 0 0
80 4 2 0 0 0
84 4 2 0 0 0
88 6 2 0 0 0
92 4 0 0 0 0
93 8 0 0 0 0
95 10 0 0 0 0
101 2 0 0 0 0
102 6 2 0 0 0
112 20 0 0 0 0
116 10 2 0 0 0
126 14 4 0 0 0
134 2 0 0 0 0
142 8 2 1 0 0
146 6 2 0 0 0
150 6 0 0 0 0
fl=/build/glibc-OTsEL5/glibc-2.27/elf/../elf/dl-sysdep.c
fn=_dl_sysdep_start
88 8 0 0 0 0
89 10 0 0 0 0
90 1 0 0 0 0
112 1 0 0 0 0
113 219 70 10 0 0
116 2 0 0 0 0
117 1 0 0 0 0
119 126 30 16 0 0
120 110 19 2 17 13
123 1 0 0 0 0
126 1 0 0 0 0
129 1 0 0 0 0
130 1 0 0 0 0
132 1 0 0 0 0
133 1 0 0 0 0
153 1 0 0 0 0
154 1 0 0 0 0
156 1 0 0 0 0
157 1 0 0 0 0
159 2 0 0 0 0
160 1 0 0 0 0
165 2 0 0 0 0
166 1 0 0 0 0
181 2 0 0 0 0
182 1 0 0 0 0
224 1 0 0 0 0
236 2 0 0 0 0
238 5 1 0 0 0
250 3 1 0 0 0
253 5 0 0 1 1
254 1 0 0 0 0
255 8 0 0 0 0
fn=_dl_sysdep_start_cleanup
260 1 0 0 0 0
fl=/build/glibc-OTsEL5/glibc-2.27/elf/../elf/dl-tls.c
fn=_dl_add_to_slotinfo
887 4 0 0 0 0
893 2 0 0 0 0
896 1 0 0 0 0
901 7 1 0 0 0
942 1 0 0 0 0
943 1 0 0 0 0
944 4 0 0 0 0
fn=_dl_allocate_tls_init
437 9 0 0 0 0
438 2 1 0 0 0
442 2 0 0 0 0
444 2 0 0 0 0
445 1 0 0 0 0
448 3 1 0 0 0
460 2 0 0 0 0
465 11 2 1 0 0
471 15 2 1 0 0
474 1 0 0 0 0
475 2 1 0 0 0
481 3 1 0 0 0
482 2 0 0 0 0
484 6 0 0 0 0
485 1 0 0 0 0
487 2 1 0 0 0
488 2 0 0 0 0
491 2 1 0 0 0
492 4 1 0 0 0
494 2 1 0 0 0
495 2 0 0 0 0
504 1 0 0 0 0
507 15 0 0 0 0
517 1 0 0 0 0
521 3 0 0 0 0
524 8 0 0 0 0
fn=_dl_allocate_tls_storage
285 2 0 0 0 0
286 3 0 0 0 0
287 2 1 0 0 0
290 1 0 0 0 0
296 2 0 0 0 0
332 3 0 0 0 0
334 1 0 0 0 0
345 1 0 0 0 0
346 2 0 0 0 0
347 3 1 0 0 0
355 4 0 0 0 0
356 1 0 0 0 0
360 297 288 10 0 0
379 1 0 0 0 0
385 5 0 0 0 0
fn=_dl_count_modids
113 2 1 0 0 0
114 2 0 0 0 0
fn=_dl_determine_tlsoffset
135 5 0 0 0 0
136 2 0 0 0 0
137 1 0 0 0 0
138 1 0 0 0 0
141 3 1 0 0 0
144 2 1 0 0 0
178 1 0 0 0 0
180 13 2 1 0 0
182 4 1 0 0 0
184 3 0 0 0 0
185 2 0 0 0 0
187 2 0 0 0 0
189 5 1 1 0 0
205 8 0 0 0 0
207 2 1 1 0 0
208 2 0 0 0 0
217 1 0 0 0 0
220 1 0 0 0 0
221 1 0 0 0 0
272 1 0 0 0 0
273 6 0 0 0 0
fn=_dl_next_tls_modid
51 4 1 0 0 0
99 1 0 0 0 0
103 1 0 0 0 0
fl=/build/glibc-OTsEL5/glibc-2.27/elf/../misc/sbrk.c
fn=sbrk
32 4 0 0 0 0
40 6 2 1 0 0
44 2 1 1 0 0
60 5 0 0 0 0
fl=/build/glibc-OTsEL5/glibc-2.27/elf/../sysdeps/generic/ldsodefs.h
fn=_dl_relocate_object
102 294 0 0 0 0
fn=do_lookup_x
102 267 0 0 0 0
fl=/build/glibc-OTsEL5/glibc-2.27/elf/../sysdeps/posix/dl-fileid.h
fn=_dl_map_object_from_fd
37 12 2 0 0 0
40 2 0 0 0 0
41 4 0 0 0 0
49 13 6 5 0 0
fl=/build/glibc-OTsEL5/glibc-2.27/elf/../sysdeps/unix/sysv/linux/dl-osinfo.h
fn=dl_main
64 2 0 0 0 0
77 1 0 0 0 0
fl=/build/glibc-OTsEL5/glibc-2.27/elf/../sysdeps/unix/sysv/linux/dl-sysdep.c
fn=_dl_discover_osversion
45 4 0 0 0 0
47 3 1 1 0 0
87 5 1 0 0 0
102 1 0 0 0 0
106 1 0 0 0 0
107 1 0 0 0 0
109 12 3 0 0 0
111 6 0 0 0 0
113 17 4 2 0 0
115 1 0 0 0 0
116 2 0 0 0 0
119 3 0 0 0 0
120 3 0 0 0 0
121 3 0 0 0 0
123 13 5 3 0 0
128 2 1 1 0 0
132 5 0 0 0 0
fn=_dl_sysdep_start
35 2 0 0 0 0
fl=/build/glibc-OTsEL5/glibc-2.27/elf/../sysdeps/unix/sysv/linux/dl-vdso.c
fn=_dl_vdso_vsym
25 25 0 0 0 0
26 10 0 0 0 0
27 5 0 0 0 0
30 10 5 5 0 0
47 5 0 0 0 0
48 30 5 0 0 0
fl=/build/glibc-OTsEL5/glibc-2.27/elf/../sysdeps/unix/sysv/linux/not-errno.h
fn=_dl_important_hwcaps
28 4 0 0 0 0
fn=_dl_load_cache_lookup
28 4 0 0 0 0
32 3 0 0 0 0
fl=/build/glibc-OTsEL5/glibc-2.27/elf/../sysdeps/unix/sysv/linux/x86_64/brk.c
fn=brk
31 7 1 0 0 0
33 2 1 0 0 0
39 1 0 0 0 0
40 1 0 0 0 0
fl=/build/glibc-OTsEL5/glibc-2.27/elf/../sysdeps/x86/cpu-features.c
fn=_dl_sysdep_start
184 1 0 0 0 0
185 1 0 0 0 0
196 3 0 0 0 0
199 6 3 2 0 0
203 1 0 0 0 0
205 6 0 0 0 0
208 3 1 1 0 0
210 5 0 0 0 0
211 7 1 0 1 1
217 2 0 0 0 0
296 3 0 0 0 0
305 4 0 0 0 0
312 8 0 0 0 0
366 3 1 0 0 0
367 1 0 0 0 0
370 2 1 0 0 0
371 1 0 0 0 0
377 1 0 0 0 0
378 1 0 0 0 0
379 1 0 0 0 0
382 4 0 0 0 0
384 6 0 0 0 0
386 6 0 0 0 0
388 6 0 0 0 0
399 1 0 0 0 0
400 2 1 1 0 0
404 3 1 1 0 0
423 3 1 0 0 0
425 4 1 0 0 0
428 4 1 0 0 0
429 2 0 0 0 0
432 2 0 0 0 0
fn=get_common_indeces.constprop.1
34 2 0 0 0 0
38 4 1 0 0 0
41 5 0 0 0 0
44 1 0 0 0 0
45 4 0 0 0 0
46 4 0 0 0 0
47 4 0 0 0 0
48 3 0 0 0 0
49 2 1 0 0 0
56 2 1 0 0 0
57 7 0 0 0 0
64 3 1 0 0 0
68 2 0 0 0 0
70 4 1 1 0 0
74 2 1 0 0 0
77 4 0 0 0 0
80 2 1 0 0 0
82 3 0 0 0 0
84 2 1 1 0 0
86 3 0 0 0 0
91 3 1 1 0 0
110 2 1 0 0 0
114 4 0 0 0 0
115 2 1 0 0 0
117 1 0 0 0 0
118 1 0 0 0 0
121 2 0 0 0 0
123 1 0 0 0 0
125 3 0 0 0 0
128 2 1 1 0 0
178 3 0 0 0 0
fl=/build/glibc-OTsEL5/glibc-2.27/elf/../sysdeps/x86/dl-hwcap.h
fn=_dl_important_hwcaps
57 6 0 0 0 0
fl=/build/glibc-OTsEL5/glibc-2.27/elf/../sysdeps/x86/dl-procinfo.h
fn=_dl_load_cache_lookup
39 4 1 0 0 0
42 8 1 1 0 0
fl=/build/glibc-OTsEL5/glibc-2.27/elf/../sysdeps/x86_64/dl-machine.h
fn=_dl_fixup
242 2 0 0 0 0
fn=_dl_relocate_object
76 16 8 3 0 0
82 4 0 0 0 0
86 6 2 2 0 0
92 2 0 0 0 0
100 6 2 0 0 0
120 4 2 0 0 0
122 4 0 0 0 0
124 8 0 0 0 0
131 6 2 2 0 0
276 230 115 0 0 0
297 230 115 2 0 0
301 230 115 0 0 0
308 4652 684 21 0 0
310 508 98 6 0 0
313 428 107 9 0 0
316 5 2 0 0 0
319 2 1 0 0 0
320 3 1 0 0 0
321 2 1 1 0 0
325 1 0 0 0 0
332 4 0 0 1 1
335 690 115 0 115 4
430 51 17 1 0 0
434 68 17 0 0 0
439 51 0 0 0 0
448 51 0 0 0 0
458 392 0 0 0 0
481 12 0 0 0 0
491 6 0 0 0 0
535 3729 1243 0 0 0
540 2486 1243 6 0 0
541 3729 0 0 0 0
551 94 0 0 0 0
555 16 8 0 0 0
557 24 8 0 0 0
558 8 0 0 0 0
575 78 0 0 0 0
577 39 0 0 39 38
578 39 0 0 0 0
fn=_dl_start
59 3 0 0 0 0
301 27 9 0 0 0
310 45 9 0 0 0
313 36 9 0 0 0
335 55 9 0 9 1
354 27 0 0 0 0
422 1 0 0 0 0
540 78 39 0 0 0
541 117 0 0 0 0
fl=/build/glibc-OTsEL5/glibc-2.27/elf/../sysdeps/x86_64/dl-trampoline.h
fn=_dl_runtime_resolve_xsave
71 2 0 0 0 0
74 2 0 0 0 0
76 2 0 0 0 0
86 2 0 0 0 0
92 2 0 0 0 0
93 2 0 0 0 0
94 2 0 0 0 0
95 2 0 0 0 0
96 2 0 0 0 0
97 2 0 0 0 0
98 2 0 0 0 0
102 2 0 0 0 0
103 2 0 0 0 0
106 2 0 0 0 0
107 2 0 0 0 0
109 2 0 0 0 0
110 2 0 0 0 0
111 2 0 0 0 0
112 2 0 0 0 0
113 2 0 0 0 0
114 2 0 0 0 0
116 2 0 0 0 0
123 2 0 0 0 0
124 2 0 0 0 0
125 2 0 0 0 0
126 2 0 0 0 0
131 2 0 0 0 0
132 2 0 0 0 0
133 2 0 0 0 0
135 2 0 0 0 0
136 2 0 0 0 0
137 2 0 0 0 0
138 2 0 0 0 0
139 2 0 0 0 0
140 2 0 0 0 0
141 2 0 0 0 0
143 2 0 0 0 0
145 2 0 0 0 0
149 2 0 0 0 0
152 2 0 0 2 2
fl=/build/glibc-OTsEL5/glibc-2.27/elf/./dl-load.h
fn=_dl_map_object_from_fd
90 8 4 2 0 0
91 6 0 0 0 0
93 8 4 1 0 0
94 5 1 0 0 0
95 6 1 0 0 0
96 4 0 0 0 0
98 4 0 0 0 0
fl=/build/glibc-OTsEL5/glibc-2.27/elf/./dl-map-segments.h
fn=_dl_map_object_from_fd
50 4 0 0 0 0
56 14 0 0 0 0
60 6 2 0 0 0
63 6 0 0 0 0
64 4 0 0 0 0
66 4 2 2 0 0
73 24 2 2 0 0
80 4 0 0 0 0
90 20 4 2 0 0
92 12 2 0 0 0
94 20 2 2 0 0
104 16 4 2 0 0
110 4 0 0 0 0
111 2 0 0 0 0
112 10 0 0 0 0
113 4 0 0 0 0
120 4 2 0 0 0
123 4 2 0 0 0
131 18 0 0 0 0
137 4 2 1 0 0
141 8 0 0 0 0
144 2 1 1 0 0
149 4 0 0 0 0
fl=/build/glibc-OTsEL5/glibc-2.27/elf/dl-addr.c
fn=_dl_addr
30 2 0 0 0 0
31 2 0 0 0 0
34 2 1 0 0 0
38 1 0 0 0 0
39 1 0 0 0 0
40 3 0 0 0 0
42 3 0 0 0 0
44 2 0 0 0 0
45 2 1 0 0 0
50 4050 1012 1 0 0
52 1011 0 0 0 0
53 2022 1011 103 0 0
55 3664 0 0 0 0
61 11625 2325 28 0 0
63 9300 2325 3 0 0
64 16858 4290 852 0 0
69 2325 0 0 0 0
71 8384 2325 1009 0 0
100 2 1 0 0 0
101 1 0 0 0 0
102 3 1 1 0 0
105 2 1 1 0 0
117 1 0 0 0 0
118 1 0 0 0 0
126 11 0 0 0 0
128 1 0 0 0 0
131 3 0 0 1 1
133 2 0 0 0 0
135 3 1 0 0 0
138 2 0 0 0 0
141 2 0 0 1 1
144 9 0 0 0 0
fl=/build/glibc-OTsEL5/glibc-2.27/elf/dl-cache.c
fn=_dl_cache_libcmp
141 22 0 0 0 0
142 118 59 7 0 0
144 228 57 2 0 0
146 4 2 0 0 0
152 8 0 0 0 0
153 6 0 0 0 0
154 8 2 2 0 0
156 8 2 2 0 0
158 4 2 2 0 0
164 110 55 0 0 0
166 202 55 9 0 0
167 27 0 0 0 0
170 46 0 0 0 0
171 46 0 0 0 0
174 6 0 0 0 0
fn=_dl_load_cache_lookup
187 9 0 0 0 0
195 2 1 0 0 0
198 3 1 1 0 0
201 5 0 0 0 0
209 5 2 0 0 0
210 7 3 0 0 0
214 1 0 0 0 0
217 4 0 0 0 0
220 2 0 0 0 0
221 3 1 0 0 0
222 8 2 1 0 0
243 1 0 0 0 0
249 2 1 0 0 0
258 3 0 0 0 0
260 1 0 0 0 0
264 6 0 0 0 0
266 2 0 0 0 0
270 14 2 1 0 0
271 3 0 0 0 0
285 244 48 11 0 0
297 5 0 0 0 0
301 2 1 0 0 0
305 2 1 0 0 0
313 9 0 0 0 0
314 3 0 0 0 0
315 2 0 0 0 0
316 8 0 0 0 0
fn=_dl_unload_cache
325 1 0 0 0 0
326 4 1 1 0 0
328 2 0 0 0 0
329 1 0 0 0 0
331 2 0 0 0 0
fl=/build/glibc-OTsEL5/glibc-2.27/elf/dl-debug.c
fn=_dl_debug_initialize
49 8 4 4 0 0
50 4 0 0 0 0
54 14 7 6 0 0
57 1 0 0 0 0
58 6 1 1 0 0
59 5 0 0 0 0
60 2 0 0 0 0
64 1 0 0 0 0
fn=_dl_debug_state
74 2 0 0 0 0
fl=/build/glibc-OTsEL5/glibc-2.27/elf/dl-deps.c
fn=_dl_map_object_deps
143 4 0 0 0 0
144 2 0 0 0 0
145 7 0 0 0 0
147 2 0 0 0 0
151 8 0 0 0 0
158 11 0 0 0 0
159 9 0 0 0 0
175 11 2 0 0 0
176 1 0 0 0 0
179 1 0 0 0 0
185 1 0 0 0 0
186 1 0 0 0 0
198 6 0 0 0 0
199 3 0 0 0 0
200 2 0 0 0 0
206 4 0 0 0 0
209 4 0 0 0 0
213 16 4 4 0 0
214 25 11 2 0 0
216 2 0 0 0 0
218 8 2 0 0 0
220 26 2 0 0 0
225 20 8 2 0 0
227 6 0 0 0 0
232 2 0 0 0 0
233 4 0 0 0 0
234 4 0 0 0 0
235 4 0 0 0 0
238 218 53 2 0 0
239 102 51 2 0 0
245 14 2 0 0 0
247 2 0 0 0 0
249 8 0 0 0 0
250 4 2 0 0 0
259 2 0 0 0 0
261 4 2 0 0 0
266 6 0 0 0 0
269 2 0 0 0 0
270 2 0 0 0 0
271 2 0 0 0 0
272 4 0 0 0 0
274 2 0 0 0 0
276 10 0 0 0 0
280 4 2 1 0 0
281 3 0 0 0 0
283 147 49 4 0 0
304 4 0 0 0 0
434 9 4 2 0 0
436 6 0 0 0 0
438 4 0 0 0 0
439 4 0 0 0 0
440 4 2 0 0 0
443 4 0 0 0 0
444 10 0 0 0 0
445 10 0 0 0 0
448 2 0 0 0 0
449 2 0 0 0 0
453 28 4 4 0 0
455 4 0 0 0 0
456 19 7 6 0 0
460 6 2 1 0 0
461 2 0 0 0 0
464 4 1 1 0 0
474 2 0 0 0 0
475 3 0 0 0 0
477 5 1 0 0 0
482 9 1 0 0 0
483 1 0 0 0 0
485 14 4 3 0 0
491 8 0 0 0 0
495 12 0 0 0 0
498 2 1 0 0 0
549 2 1 0 0 0
550 1 0 0 0 0
551 3 1 1 0 0
573 6 0 0 0 0
586 7 0 0 0 0
590 5 0 0 0 0
593 1 0 0 0 0
595 1 0 0 0 0
596 1 0 0 0 0
597 4 1 1 0 0
604 3 1 1 0 0
607 2 1 0 0 0
610 8 0 0 0 0
fn=openaux
60 4 0 0 0 0
63 20 0 0 0 0
64 4 0 0 0 0
67 2 0 0 0 0
68 4 0 0 0 0
fl=/build/glibc-OTsEL5/glibc-2.27/elf/dl-environ.c
fn=_dl_next_ld_env_entry
29 3 0 0 0 0
32 211 70 2 0 0
34 138 69 27 0 0
35 36 18 8 0 0
37 2 0 0 0 0
40 4 0 0 0 0
42 2 0 0 0 0
45 67 0 0 0 0
49 1 0 0 0 0
fl=/build/glibc-OTsEL5/glibc-2.27/elf/dl-error-skeleton.c
fn=_dl_catch_error
213 7 0 0 0 0
215 4 0 0 0 0
216 2 0 0 0 0
217 2 0 0 0 0
218 2 0 0 0 0
220 5 0 0 0 0
fn=_dl_catch_exception
175 12 0 0 0 0
187 6 0 0 0 0
188 6 0 0 0 0
190 6 0 0 0 0
191 6 0 0 0 0
194 18 3 0 0 0
196 9 0 0 3 2
197 6 0 0 0 0
198 12 0 0 0 0
207 12 0 0 0 0
fn=_dl_receive_error
226 3 0 0 0 0
227 1 0 0 0 0
228 1 0 0 0 0
231 1 0 0 0 0
232 1 0 0 0 0
234 2 0 0 1 1
236 1 0 0 0 0
237 1 0 0 0 0
238 4 0 0 0 0
fl=/build/glibc-OTsEL5/glibc-2.27/elf/dl-fini.c
fn=_dl_fini
30 8 0 0 0 0
47 6 0 0 0 0
50 7 2 1 0 0
53 2 0 0 1 1
55 1 0 0 0 0
58 2 1 0 0 0
60 8 1 0 0 0
65 1 0 0 0 0
68 7 0 0 0 0
73 13 4 3 0 0
75 8 4 0 0 0
77 8 4 0 0 0
79 8 0 0 0 0
80 4 0 0 0 0
81 4 0 0 0 0
85 4 0 0 0 0
87 6 2 0 0 0
88 4 1 1 0 0
94 10 0 0 0 0
104 2 0 0 1 1
109 16 5 3 0 0
111 4 0 0 0 0
113 12 4 0 0 0
116 8 0 0 0 0
119 12 4 2 0 0
120 6 2 2 0 0
123 4 2 0 0 0
134 6 0 0 0 0
135 2 0 0 0 0
136 4 0 0 0 0
137 20 4 0 0 0
138 4 0 0 2 2
142 4 2 0 0 0
143 6 0 0 2 2
149 24 8 0 0 0
165 8 0 0 0 0
171 6 2 0 0 0
177 2 1 0 0 0
184 8 0 0 0 0
fl=/build/glibc-OTsEL5/glibc-2.27/elf/dl-hwcaps.c
fn=_dl_important_hwcaps
42 13 0 0 0 0
43 8 0 0 0 0
46 3 0 0 0 0
55 18 3 1 0 0
56 6 0 0 0 0
57 4 0 0 0 0
65 3 1 1 0 0
69 3 0 0 0 0
129 1 0 0 0 0
131 4 2 0 0 0
146 7 0 0 0 0
147 1 0 0 0 0
149 2 1 1 0 0
166 1 0 0 0 0
183 19 2 1 0 0
184 6 2 1 0 0
186 1 0 0 0 0
187 2 0 0 0 0
188 7 0 0 0 0
191 3 1 0 0 0
193 1 0 0 0 0
194 6 0 0 0 0
198 2 0 0 0 0
199 1 0 0 0 0
202 3 1 0 0 0
205 4 1 0 0 0
209 8 0 0 0 0
210 4 1 0 0 0
212 3 0 0 0 0
213 2 1 0 0 0
214 3 0 0 0 0
215 2 1 1 0 0
222 2 0 0 0 0
228 11 0 0 0 0
229 5 0 0 0 0
230 4 1 0 0 0
259 13 0 0 0 0
262 4 1 0 0 0
265 2 0 0 0 0
269 1 0 0 0 0
272 2 0 0 0 0
275 12 0 0 0 0
278 12 2 1 0 0
279 24 2 1 0 0
280 6 0 0 0 0
283 10 0 0 0 0
285 7 2 1 0 0
290 28 9 7 0 0
291 16 0 0 0 0
295 22 0 0 0 0
298 51 12 10 0 0
299 72 24 10 0 0
300 36 0 0 0 0
302 6 3 2 0 0
305 3 0 0 0 0
306 2 0 0 0 0
307 15 3 1 0 0
309 6 2 1 0 0
310 2 0 0 0 0
313 4 0 0 0 0
320 19 0 0 0 0
321 4 0 0 0 0
323 8 4 3 0 0
326 3 0 0 0 0
328 2 0 0 0 0
329 9 0 0 0 0
fl=/build/glibc-OTsEL5/glibc-2.27/elf/dl-init.c
fn=_dl_init
30 15 5 2 0 0
36 8 0 0 0 0
39 16 4 1 0 0
40 3 1 0 0 0
44 9 3 1 0 0
45 3 1 1 0 0
49 4 2 0 0 0
58 15 0 0 2 2
61 1 0 0 0 0
62 4 2 0 0 0
68 6 0 0 0 0
70 5 0 0 0 0
71 21 4 1 0 0
72 9 0 0 2 2
79 11 0 0 0 0
80 1 0 0 0 0
81 1 0 0 0 0
84 3 1 1 0 0
87 2 0 0 0 0
92 2 1 1 0 0
117 2 0 0 0 0
118 15 5 2 0 0
119 12 0 0 0 0
125 8 0 0 0 0
fl=/build/glibc-OTsEL5/glibc-2.27/elf/dl-load.c
fn=_dl_init_paths
623 9 0 0 0 0
636 6 0 0 0 0
640 1 0 0 0 0
641 2 0 0 0 0
642 3 1 0 0 0
649 4 0 0 0 0
650 5 0 0 0 0
653 6 0 0 0 0
655 2 1 0 0 0
661 1 0 0 0 0
662 1 0 0 0 0
664 1 0 0 0 0
670 3 0 0 0 0
672 8 0 0 0 0
673 4 0 0 0 0
675 5 0 0 0 0
676 8 0 0 0 0
677 7 0 0 0 0
680 6 3 0 0 0
681 24 4 3 0 0
684 30 4 1 0 0
690 1 0 0 0 0
691 1 0 0 0 0
695 1 0 0 0 0
696 2 1 0 0 0
698 4 1 0 0 0
700 3 1 1 0 0
717 2 0 0 0 0
719 3 1 1 0 0
733 2 0 0 0 0
738 5 2 1 0 0
740 12 0 0 0 0
744 2 0 0 0 0
745 61 15 6 0 0
746 56 14 6 0 0
749 1 0 0 0 0
750 1 0 0 0 0
751 2 1 0 0 0
757 7 0 0 0 0
760 3 1 0 0 0
766 1 0 0 0 0
770 8 0 0 0 0
fn=_dl_map_object
601 9 3 3 0 0
610 3 0 0 0 0
2080 27 0 0 0 0
2082 2 0 0 0 0
2088 6 3 0 0 0
2089 12 3 0 0 0
2092 42 9 5 0 0
2097 49 7 0 0 0
2099 35 7 1 0 0
2103 12 6 0 0 0
2104 18 6 4 0 0
2107 2 0 0 0 0
2108 4 0 0 0 0
2109 8 2 2 0 0
2125 6 2 0 0 0
2135 6 2 0 0 0
2169 2 0 0 0 0
2171 11 2 1 0 0
2175 4 0 0 0 0
2177 2 1 0 0 0
2184 4 2 1 0 0
2188 4 0 0 0 0
2189 2 0 0 0 0
2193 3 1 1 0 0
2196 7 0 0 0 0
2208 3 1 0 0 0
2209 7 2 0 0 0
2219 2 1 0 0 0
2220 15 1 1 0 0
2226 5 2 0 0 0
2235 1 0 0 0 0
2249 2 1 0 0 0
2251 3 1 0 0 0
2255 3 0 0 0 0
2257 2 1 0 0 0
2261 2 1 0 0 0
2269 3 1 0 0 0
2292 11 0 0 0 0
2296 5 1 0 0 0
2297 2 0 0 0 0
2314 2 1 0 0 0
2320 1 0 0 0 0
2322 6 1 0 0 0
2323 5 1 0 0 0
2327 10 0 0 0 0
2330 5 1 0 0 0
2342 7 0 0 0 0
2344 2 1 1 0 0
2388 4 0 0 0 0
2389 30 0 0 0 0
2391 27 0 0 0 0
fn=_dl_map_object_from_fd
369 2 0 0 0 0
808 30 0 0 0 0
818 8 0 0 0 0
819 2 0 0 0 0
834 29 7 4 0 0
835 10 5 0 0 0
852 4 2 0 0 0
876 8 2 0 0 0
886 4 2 0 0 0
908 8 2 0 0 0
940 4 2 0 0 0
943 16 0 0 0 0
944 4 2 0 0 0
955 6 0 0 0 0
956 8 0 0 0 0
957 4 0 0 0 0
959 6 0 0 0 0
960 8 2 0 0 0
961 2 0 0 0 0
976 6 0 0 0 0
978 2 0 0 0 0
980 20 0 0 0 0
981 2 0 0 0 0
982 2 0 0 0 0
988 108 19 2 0 0
989 127 62 22 0 0
995 4 2 0 0 0
1000 4 0 0 0 0
1001 8 0 0 0 0
1006 2 0 0 0 0
1007 1 0 0 0 0
1012 20 4 0 0 0
1017 32 4 0 0 0
1025 16 0 0 0 0
1026 16 0 0 0 0
1027 20 0 0 0 0
1028 4 0 0 0 0
1029 8 0 0 0 0
1030 8 0 0 0 0
1034 8 4 2 0 0
1035 8 0 0 0 0
1039 8 0 0 0 0
1040 32 0 0 0 0
1050 4 0 0 0 0
1053 3 1 0 0 0
1057 1 0 0 0 0
1058 3 0 0 0 0
1059 2 1 0 0 0
1060 1 0 0 0 0
1062 3 0 0 0 0
1063 2 0 0 0 0
1066 1 0 0 0 0
1070 4 1 0 0 0
1076 3 0 0 0 0
1077 1 0 0 0 0
1085 10 0 0 0 0
1092 4 0 0 0 0
1093 2 0 0 0 0
1096 4 0 0 0 0
1097 4 0 0 0 0
1098 2 0 0 0 0
1101 8 2 0 0 0
1110 4 2 0 0 0
1120 20 0 0 0 0
1132 8 2 0 0 0
1141 6 0 0 0 0
1148 4 2 2 0 0
1163 6 2 0 0 0
1182 4 0 0 0 0
1184 10 2 0 0 0
1238 6 2 1 0 0
1239 2 0 0 0 0
1242 8 2 0 0 0
1251 4 2 0 0 0
1253 8 0 0 0 0
1255 4 2 0 0 0
1271 4 0 0 0 0
1275 4 2 0 0 0
1276 4 2 0 0 0
1293 4 2 1 0 0
1294 1 0 0 0 0
1297 6 0 0 0 0
1302 4 2 0 0 0
1312 4 2 0 0 0
1322 6 0 0 0 0
1326 6 2 2 0 0
1346 18 0 0 0 0
fn=expand_dynamic_string_token
320 14 0 0 0 0
330 10 2 0 0 0
334 4 0 0 0 0
345 10 0 0 0 0
fn=fillin_rpath
389 16 0 0 0 0
391 1 0 0 0 0
393 12 2 1 0 0
400 2 1 0 0 0
402 4 0 0 0 0
406 2 1 0 0 0
411 2 0 0 0 0
412 2 1 0 0 0
419 7 2 1 0 0
424 4 0 0 0 0
428 17 5 1 0 0
429 8 4 4 0 0
447 4 1 1 0 0
450 1 0 0 0 0
451 7 0 0 0 0
453 3 1 0 0 0
457 2 0 0 0 0
458 1 0 0 0 0
459 4 0 0 0 0
460 2 0 0 0 0
462 2 1 1 0 0
468 4 0 0 0 0
469 40 7 2 0 0
470 12 2 0 0 0
472 2 0 0 0 0
473 3 1 1 0 0
478 2 0 0 0 0
480 1 0 0 0 0
481 1 0 0 0 0
484 3 0 0 0 0
486 3 0 0 0 0
490 1 0 0 0 0
493 9 0 0 0 0
fn=open_path
1932 8 0 0 0 0
1933 2 0 0 0 0
1936 1 0 0 0 0
1937 1 0 0 0 0
1939 2 1 0 0 0
1944 18 0 0 0 0
1947 3 0 0 0 0
1951 3 0 0 0 0
1956 4 1 0 0 0
1963 5 0 0 0 0
1964 35 9 1 0 0
1967 16 8 0 0 0
1971 80 0 0 0 0
1974 16 0 0 0 0
1977 24 8 0 0 0
1980 80 0 0 0 0
1982 40 8 0 0 0
1984 16 8 2 0 0
1989 16 8 0 0 0
1990 64 8 2 0 0
1996 62 0 0 0 0
1998 48 8 2 0 0
1999 2 0 0 0 0
2001 23 0 0 0 0
2018 2 0 0 0 0
2046 2 0 0 0 0
2049 7 3 0 0 0
2054 1 0 0 0 0
2056 4 1 0 0 0
2059 3 1 0 0 0
2073 9 0 0 0 0
fn=open_verify.constprop.7
1598 140 0 0 0 0
1637 48 19 1 0 0
1650 8 0 0 0 0
1668 50 0 0 0 0
1670 22 10 2 0 0
1680 2 0 0 0 0
1681 4 0 0 0 0
1686 12 0 0 0 0
1688 4 2 0 0 0
1690 4 0 0 0 0
1692 4 2 0 0 0
1698 4 2 0 0 0
1714 34 11 4 0 0
1788 4 2 0 0 0
1793 4 2 0 0 0
1795 8 2 0 0 0
1801 4 2 0 0 0
1812 4 2 0 0 0
1818 8 0 0 0 0
1819 8 2 0 0 0
1820 2 0 0 0 0
1825 2 0 0 0 0
1840 82 14 1 0 0
1842 38 17 12 0 0
1855 6 2 0 0 0
1858 8 2 0 0 0
1859 2 0 0 0 0
1868 18 3 2 0 0
1870 2 0 0 0 0
1871 24 0 0 0 0
1874 6 2 1 0 0
1879 1 0 0 0 0
1880 2 0 0 0 0
1883 2 1 0 0 0
1886 2 0 0 0 0
1887 4 0 0 0 0
1888 1 0 0 0 0
1889 3 1 0 0 0
1890 3 1 1 0 0
1918 90 0 0 0 0
fl=/build/glibc-OTsEL5/glibc-2.27/elf/dl-lookup.c
fn=_dl_lookup_symbol_x
554 194 0 0 0 0
555 5841 1436 125 0 0
556 5356 0 0 0 0
790 1358 0 0 0 0
792 194 0 0 0 0
793 194 0 0 0 0
796 97 0 0 0 0
800 467 185 6 0 0
804 1067 0 0 0 0
805 291 97 0 0 0
811 339 105 2 0 0
813 1261 0 0 0 0
816 469 97 2 0 0
819 32 16 0 0 0
841 194 97 3 0 0
843 48 16 2 0 0
860 8 0 0 0 0
861 16 0 0 0 0
865 623 178 0 0 0
896 89 0 0 0 0
905 356 89 0 0 0
919 267 89 66 0 0
920 2 0 0 0 0
922 356 89 0 0 0
927 89 0 0 0 0
929 889 0 0 0 0
fn=_dl_setup_hash
939 12 4 0 0 0
943 4 0 0 0 0
947 8 0 0 0 0
948 4 0 0 0 0
949 4 0 0 0 0
951 12 4 1 0 0
952 4 0 0 0 0
953 12 0 0 0 0
955 4 0 0 0 0
956 8 0 0 0 0
958 4 0 0 0 0
960 12 0 0 0 0
961 4 0 0 0 0
fn=do_lookup_x
78 623 178 7 0 0
90 1103 89 0 0 0
93 370 113 10 0 0
97 89 0 0 0 0
98 178 89 6 0 0
100 176 88 0 0 0
119 88 0 0 0 0
120 792 88 10 0 0
121 880 88 0 0 0
148 2 1 0 0 0
150 5 1 1 0 0
180 35 0 0 0 0
294 217 0 0 0 0
338 1261 0 0 0 0
339 97 0 0 0 0
344 194 0 0 0 0
345 97 0 0 0 0
349 612 0 0 0 0
352 612 306 0 0 0
356 1194 306 13 0 0
360 612 306 0 0 0
364 612 306 8 0 0
370 918 306 0 0 0
374 94 0 0 0 0
375 94 0 0 0 0
378 612 0 0 0 0
379 918 0 0 0 0
382 306 0 0 0 0
383 612 306 0 0 0
385 306 0 0 0 0
386 194 0 0 0 0
387 612 0 0 0 0
390 1530 0 0 0 0
393 2142 306 99 0 0
396 188 0 0 0 0
397 282 0 0 0 0
398 188 94 0 0 0
400 282 0 0 0 0
403 955 191 73 0 0
405 356 0 0 0 0
406 267 0 0 0 0
407 178 0 0 0 0
413 306 102 6 0 0
421 194 0 0 0 0
446 10 5 2 0 0
452 890 89 9 0 0
503 178 89 0 0 0
506 668 245 19 0 0
510 33 11 0 0 0
522 534 0 0 0 0
524 89 0 0 0 0
540 1532 583 33 0 0
541 252 36 0 0 0
544 651 217 8 0 0
547 16 0 0 0 0
548 776 0 0 0 0
fl=/build/glibc-OTsEL5/glibc-2.27/elf/dl-minimal.c
fn=calloc
92 8 0 0 0 0
96 8 0 0 0 0
99 16 0 0 0 0
100 24 8 8 0 0
103 8 0 0 0 0
fn=free
111 4 1 0 0 0
fn=malloc
49 3 0 0 0 0
50 87 22 1 0 0
55 3 0 0 0 0
56 2 0 0 0 0
57 2 0 0 0 0
61 66 0 0 0 0
64 150 43 22 0 0
69 4 0 0 0 0
70 2 1 1 0 0
72 1 0 0 0 0
73 8 0 0 0 0
75 2 1 0 0 0
77 3 1 0 0 0
79 3 0 0 0 0
82 22 0 0 0 0
83 22 0 0 0 0
85 47 0 0 0 0
fn=strsep
265 4 2 0 0 0
267 2 0 0 0 0
268 4 2 1 0 0
272 77 15 4 0 0
277 56 28 7 0 0
279 84 28 3 0 0
287 14 0 0 0 0
290 1 0 0 0 0
294 2 0 0 0 0
fl=/build/glibc-OTsEL5/glibc-2.27/elf/dl-misc.c
fn=_dl_name_match_p
282 250 0 0 0 0
283 200 50 0 0 0
284 53 0 0 0 0
286 50 0 0 0 0
288 202 101 20 0 0
289 270 54 11 0 0
292 51 0 0 0 0
294 47 0 0 0 0
295 250 0 0 0 0
fn=_dl_sysdep_read_whole_file
44 8 0 0 0 0
47 3 0 0 0 0
48 2 1 0 0 0
50 7 1 0 0 0
52 2 0 0 0 0
55 2 1 1 0 0
57 8 0 0 0 0
68 2 0 0 0 0
71 7 0 0 0 0
fl=/build/glibc-OTsEL5/glibc-2.27/elf/dl-object.c
fn=_dl_add_to_namespace_list
31 15 0 0 0 0
33 9 0 0 3 1
35 22 3 2 0 0
38 15 5 3 0 0
40 2 0 0 0 0
42 2 0 0 0 0
45 2 0 0 0 0
46 9 0 0 0 0
47 6 0 0 0 0
48 6 0 0 0 0
50 6 0 0 3 1
51 9 0 0 0 0
fn=_dl_new_object
59 39 0 0 0 0
60 18 0 0 0 0
66 18 0 0 0 0
68 6 0 0 0 0
73 15 0 0 0 0
76 6 3 0 0 0
79 3 0 0 0 0
80 9 0 0 0 0
84 6 0 0 0 0
85 24 0 0 0 0
87 3 0 0 0 0
95 18 0 0 0 0
96 15 0 0 0 0
99 6 3 3 0 0
100 8 0 0 0 0
101 3 0 0 0 0
105 3 0 0 0 0
108 43 19 12 0 0
110 32 0 0 0 0
120 6 0 0 0 0
121 3 0 0 0 0
124 1 0 0 0 0
126 18 3 1 0 0
128 6 0 0 0 0
131 8 3 2 0 0
135 6 2 0 0 0
139 11 4 4 0 0
147 1 0 0 0 0
150 6 0 0 0 0
153 9 3 1 0 0
155 8 0 0 0 0
159 8 2 0 0 0
163 8 0 0 0 0
164 4 2 2 0 0
172 2 0 0 0 0
176 2 0 0 0 0
209 48 0 0 0 0
214 42 0 0 0 0
215 88 42 17 0 0
220 4 0 0 0 0
223 2 0 0 0 0
227 27 0 0 0 0
fl=/build/glibc-OTsEL5/glibc-2.27/elf/dl-open.c
fn=_dl_find_dso_for_object
176 5 0 0 0 0
180 6 1 0 0 0
181 10 3 2 0 0
182 12 6 2 0 0
183 2 1 1 0 0
186 2 1 0 0 0
190 7 0 0 0 0
fl=/build/glibc-OTsEL5/glibc-2.27/elf/dl-reloc.c
fn=_dl_relocate_object
148 48 0 0 0 0
155 4 0 0 0 0
158 6 0 0 0 0
159 12 0 0 0 0
163 8 4 0 0 0
164 20 0 0 0 0
170 12 4 0 0 0
176 16 4 0 0 0
177 8 4 1 0 0
180 9 4 1 0 0
187 8 4 0 0 0
231 12 0 0 0 0
258 190 30 9 0 0
261 16 4 0 0 0
285 4 0 0 0 0
288 8 4 0 0 0
305 12 4 0 0 0
307 32 0 0 0 0
313 24 0 0 0 0
316 8 0 0 0 0
320 8 4 0 0 0
321 20 4 0 0 0
fl=/build/glibc-OTsEL5/glibc-2.27/elf/dl-sort-maps.c
fn=_dl_sort_maps
28 18 0 0 0 0
30 4 2 2 0 0
33 2 0 0 0 0
34 20 0 0 0 0
35 42 0 0 0 0
39 24 0 0 0 0
40 18 0 0 0 0
42 12 6 3 0 0
46 12 6 4 0 0
54 48 12 4 0 0
56 18 0 0 0 0
57 14 6 4 0 0
59 18 6 2 0 0
60 12 4 4 0 0
90 33 9 6 0 0
115 30 6 2 0 0
118 40 0 0 0 0
122 26 0 0 0 0
fl=/build/glibc-OTsEL5/glibc-2.27/elf/dl-tunables.c
fn=__GI___tunables_init
68 350 140 4 0 0
71 69 0 0 0 0
74 6217 1796 85 0 0
78 138 69 0 0 0
83 138 0 0 0 0
150 4 0 0 0 0
280 3 1 1 0 0
289 8 0 0 0 0
297 138 69 0 0 0
312 6141 1518 89 0 0
318 7590 3036 888 0 0
330 276 0 0 0 0
364 8 0 0 0 0
fn=__tunable_get_val
373 168 33 13 0 0
377 31 0 0 0 0
382 3 0 0 0 0
383 3 0 0 0 0
399 85 17 13 0 0
401 17 0 0 0 0
fl=/build/glibc-OTsEL5/glibc-2.27/elf/dl-tunables.h
fn=__GI___tunables_init
120 2803 665 12 0 0
121 2844 1386 65 0 0
fl=/build/glibc-OTsEL5/glibc-2.27/elf/dl-version.c
fn=_dl_check_all_versions
362 8 0 0 0 0
364 1 0 0 0 0
366 15 5 3 0 0
368 40 4 4 0 0
371 7 0 0 0 0
fn=_dl_check_map_versions
37 24 7 2 0 0
38 5 0 0 0 0
39 35 7 3 0 0
57 9 0 0 0 0
65 9 3 0 0 0
71 9 3 0 0 0
87 3 0 0 0 0
88 6 3 0 0 0
90 3 0 0 0 0
95 32 10 7 0 0
109 20 10 3 0 0
111 3 0 0 0 0
114 28 3 0 0 0
121 21 7 0 0 0
125 7 0 0 0 0
143 12 0 0 0 0
156 28 0 0 0 0
157 6 0 0 0 0
165 4 0 0 0 0
171 12 4 0 0 0
173 20 0 0 0 0
175 8 0 0 0 0
176 8 0 0 0 0
178 8 4 2 0 0
181 8 0 0 0 0
185 6 2 0 0 0
201 4 0 0 0 0
209 6 2 0 0 0
214 6 0 0 0 0
218 32 3 2 0 0
220 3 0 0 0 0
222 7 0 0 0 0
225 12 0 0 0 0
228 9 3 2 0 0
233 1 0 0 0 0
237 8 2 2 0 0
251 11 4 2 0 0
254 8 0 0 0 0
257 140 0 0 0 0
260 106 34 13 0 0
264 32 0 0 0 0
268 9 3 3 0 0
273 3 0 0 0 0
274 12 0 0 0 0
275 6 3 0 0 0
285 3 0 0 0 0
288 9 0 0 0 0
290 9 3 1 0 0
293 8 0 0 0 0
297 6 0 0 0 0
300 9 0 0 0 0
302 9 3 0 0 0
304 15 0 0 0 0
305 9 0 0 0 0
306 9 0 0 0 0
307 9 0 0 0 0
310 9 3 1 0 0
315 1 0 0 0 0
318 6 2 2 0 0
328 9 3 1 0 0
331 8 0 0 0 0
335 32 0 0 0 0
337 68 34 10 0 0
341 32 0 0 0 0
342 160 0 0 0 0
343 96 0 0 0 0
344 32 0 0 0 0
347 102 34 4 0 0
351 32 0 0 0 0
357 36 0 0 0 0
fl=/build/glibc-OTsEL5/glibc-2.27/elf/do-rel.h
fn=_dl_relocate_object
47 24 0 0 0 0
48 8 0 0 0 0
50 11 0 0 0 0
51 6 0 0 0 0
58 24 8 2 0 0
61 145 49 2 0 0
63 188 47 7 0 0
65 119 39 4 0 0
74 4 2 1 0 0
75 142 41 35 0 0
76 78 39 0 0 0
83 12 0 0 0 0
84 6 0 0 0 0
86 24 0 0 0 0
98 18 6 2 0 0
108 8 4 4 0 0
111 3738 1247 5 0 0
112 2486 0 0 0 0
118 18 6 1 0 0
121 10 0 0 0 0
124 340 115 15 0 0
127 440 110 0 0 0
136 440 0 0 0 0
137 440 0 0 0 0
138 380 0 0 0 0
139 330 0 0 0 0
143 15 3 3 0 0
160 22 6 4 0 0
162 20 5 0 0 0
170 30 0 0 0 0
171 15 0 0 0 0
174 2 1 1 0 0
fn=_dl_start
83 1 0 0 0 0
84 1 0 0 0 0
111 120 40 6 0 0
112 78 0 0 0 0
116 2 1 0 0 0
124 31 10 4 0 0
136 27 0 0 0 0
137 18 0 0 0 0
139 18 0 0 0 0
fl=/build/glibc-OTsEL5/glibc-2.27/elf/get-dynamic-info.h
fn=_dl_map_object_from_fd
42 4 2 0 0 0
46 2 0 0 0 0
48 141 47 2 0 0
50 90 45 16 0 0
63 42 10 5 0 0
64 71 0 0 0 0
65 8 2 2 0 0
67 2 0 0 0 0
68 10 2 0 0 0
70 2 0 0 0 0
71 10 2 0 0 0
72 2 0 0 0 0
73 8 0 0 0 0
74 45 0 0 0 0
81 4 2 0 0 0
101 7 2 1 0 0
102 8 2 0 0 0
103 8 2 0 0 0
104 8 2 0 0 0
106 8 2 0 0 0
111 8 2 0 0 0
112 7 2 1 0 0
113 8 2 0 0 0
119 6 2 0 0 0
124 4 2 0 0 0
131 4 2 0 0 0
132 6 2 1 0 0
150 6 2 1 0 0
155 2 0 0 0 0
157 2 1 1 0 0
159 2 1 1 0 0
161 2 1 0 0 0
164 6 2 1 0 0
166 4 0 0 0 0
174 2 1 0 0 0
179 2 1 0 0 0
182 4 2 2 0 0
fn=_dl_start
48 57 19 1 0 0
50 36 18 8 0 0
63 21 5 3 0 0
64 29 0 0 0 0
65 4 1 1 0 0
67 3 0 0 0 0
68 5 1 1 0 0
70 2 0 0 0 0
71 5 1 0 0 0
72 1 0 0 0 0
73 5 0 0 0 0
74 18 0 0 0 0
81 2 1 0 0 0
101 4 1 0 0 0
102 4 1 0 0 0
103 4 1 0 0 0
104 4 1 0 0 0
106 4 1 0 0 0
111 4 1 0 0 0
112 4 1 0 0 0
113 4 1 0 0 0
119 3 1 0 0 0
124 2 1 0 0 0
131 3 1 0 0 0
132 3 1 0 0 0
140 3 1 1 0 0
143 3 1 1 0 0
147 2 1 0 0 0
148 2 1 0 0 0
fn=dl_main
33 1 0 0 0 0
42 2 1 0 0 0
46 1 0 0 0 0
48 81 27 14 0 0
50 52 26 11 0 0
63 25 6 1 0 0
64 41 0 0 0 0
65 4 1 1 0 0
67 1 0 0 0 0
68 5 1 1 0 0
70 1 0 0 0 0
71 5 1 0 0 0
72 1 0 0 0 0
73 4 0 0 0 0
74 26 0 0 0 0
81 3 1 0 0 0
101 3 1 1 0 0
102 4 1 0 0 0
103 4 1 0 0 0
104 4 1 0 0 0
106 4 1 0 0 0
111 4 1 1 0 0
112 4 1 0 0 0
113 4 1 0 0 0
119 3 1 0 0 0
124 2 1 0 0 0
131 2 1 0 0 0
132 3 1 0 0 0
150 3 1 0 0 0
155 2 0 0 0 0
157 2 1 1 0 0
159 2 1 1 0 0
161 2 1 0 0 0
162 1 0 0 0 0
164 3 1 0 0 0
166 3 0 0 0 0
174 2 1 0 0 0
179 2 1 0 0 0
180 2 0 0 0 0
182 2 1 1 0 0
fl=/build/glibc-OTsEL5/glibc-2.27/elf/rtld.c
fn=_dl_start
393 2 0 0 0 0
394 2 0 0 0 0
395 2 0 0 0 0
396 2 0 0 0 0
397 2 0 0 0 0
405 5 0 0 0 0
408 1 0 0 0 0
414 4 0 0 0 0
423 4 0 0 0 0
426 2 0 0 0 0
430 2 1 0 0 0
444 9 0 0 0 0
463 5 0 0 0 0
486 1 0 0 0 0
489 1 0 0 0 0
500 2 1 1 0 0
505 27 3 0 0 0
507 1 0 0 0 0
532 9 0 0 0 0
fn=dl_main
799 1 0 0 0 0
801 1 0 0 0 0
810 1 0 0 0 0
812 1 0 0 0 0
817 1 0 0 0 0
870 12 0 0 0 0
876 1 0 0 0 0
879 1 0 0 0 0
885 1 0 0 0 0
887 2 0 0 0 0
891 2 0 0 0 0
892 2 0 0 0 0
897 2 0 0 0 0
907 3 1 1 0 0
1108 8 0 0 0 0
1110 2 1 0 0 0
1111 1 0 0 0 0
1112 2 0 0 0 0
1113 2 0 0 0 0
1117 3 0 0 0 0
1118 2 1 0 0 0
1139 1 0 0 0 0
1140 1 0 0 0 0
1142 1 0 0 0 0
1144 1 0 0 0 0
1147 33 10 1 0 0
1148 71 35 13 0 0
1152 3 0 0 0 0
1153 1 0 0 0 0
1157 3 0 0 0 0
1158 1 0 0 0 0
1166 2 0 0 0 0
1167 2 0 0 0 0
1169 1 0 0 0 0
1176 2 1 0 0 0
1188 1 0 0 0 0
1194 2 0 0 0 0
1202 4 0 0 0 0
1203 10 0 0 0 0
1204 4 2 1 0 0
1205 1 0 0 0 0
1208 4 0 0 0 0
1209 4 2 0 0 0
1210 2 0 0 0 0
1211 6 3 1 0 0
1212 2 0 0 0 0
1239 2 0 0 0 0
1240 1 0 0 0 0
1243 2 0 0 0 0
1244 2 0 0 0 0
1245 1 0 0 0 0
1250 3 1 1 0 0
1253 2 1 1 0 0
1255 2 1 1 0 0
1257 3 1 0 0 0
1270 3 1 0 0 0
1271 6 1 0 0 0
1273 3 0 0 0 0
1276 2 0 0 0 0
1278 1 0 0 0 0
1279 1 0 0 0 0
1281 2 1 0 0 0
1282 2 0 0 0 0
1286 2 1 0 0 0
1288 2 1 0 0 0
1293 2 0 0 0 0
1296 2 1 0 0 0
1312 5 0 0 0 0
1318 10 3 1 0 0
1323 2 0 0 0 0
1326 4 0 0 0 0
1328 1 0 0 0 0
1333 2 1 0 0 0
1336 3 0 0 0 0
1337 4 0 0 0 0
1338 2 0 0 0 0
1339 1 0 0 0 0
1340 1 0 0 0 0
1341 1 0 0 0 0
1346 2 1 0 0 0
1347 5 0 0 0 0
1364 2 1 0 0 0
1365 2 1 0 0 0
1367 3 0 0 0 0
1369 1 0 0 0 0
1370 3 0 0 0 0
1375 4 1 1 0 0
1376 5 1 1 0 0
1378 2 0 0 0 0
1379 2 0 0 0 0
1384 2 1 1 0 0
1389 1 0 0 0 0
1390 4 1 0 0 0
1391 2 1 0 0 0
1570 2 0 0 0 0
1578 3 1 0 0 0
1581 2 0 0 0 0
1585 3 1 1 0 0
1590 2 0 0 0 0
1591 1 0 0 0 0
1592 1 0 0 0 0
1596 2 1 0 0 0
1611 3 1 0 0 0
1612 1 0 0 0 0
1613 1 0 0 0 0
1615 3 1 0 0 0
1617 5 0 0 0 0
1618 3 0 0 0 0
1619 4 0 0 0 0
1621 2 0 0 0 0
1631 5 1 0 0 0
1708 4 1 1 0 0
1712 8 0 0 0 0
1713 1 0 0 0 0
1716 3 0 0 0 0
1717 1 0 0 0 0
1718 2 1 0 0 0
1719 2 1 1 0 0
1725 5 0 0 0 0
1726 8 0 0 0 0
1727 4 0 0 0 0
1729 2 0 0 0 0
1732 11 5 3 0 0
1733 16 0 0 0 0
1736 3 0 0 0 0
1737 3 1 0 0 0
1738 1 0 0 0 0
1740 12 3 2 0 0
1741 11 3 1 0 0
1751 2 0 0 0 0
1753 3 0 0 0 0
1754 2 1 0 0 0
1756 2 0 0 0 0
1758 3 1 1 0 0
1760 3 1 1 0 0
1774 4 1 0 0 0
1775 2 0 0 0 0
1776 3 1 1 0 0
1787 4 0 0 0 0
1788 1 0 0 0 0
1789 6 0 0 0 0
1799 2 0 0 0 0
1800 2 1 0 0 0
1801 2 0 0 0 0
1803 2 1 0 0 0
1808 2 1 0 0 0
2038 3 1 1 0 0
2094 2 0 0 0 0
2098 2 0 0 0 0
2104 2 0 0 0 0
2107 2 1 1 0 0
2161 3 0 0 0 0
2168 1 0 0 0 0
2170 5 0 0 0 0
2171 1 0 0 0 0
2172 18 5 1 0 0
2174 8 0 0 0 0
2179 8 0 0 0 0
2181 10 5 2 0 0
2183 1 0 0 0 0
2184 1 0 0 0 0
2187 4 0 0 0 0
2189 8 4 1 0 0
2190 24 0 0 0 0
2194 10 5 3 0 0
2195 3 0 0 0 0
2197 4 0 0 0 0
2199 3 0 0 0 0
2205 2 1 1 0 0
2210 4 2 0 0 0
2212 1 0 0 0 0
2219 3 0 0 0 0
2222 2 1 1 0 0
2231 3 1 0 0 0
2233 4 2 0 0 0
2248 5 0 0 0 0
2250 1 0 0 0 0
2251 5 0 0 0 0
2252 4 0 0 0 0
2254 2 0 0 0 0
2262 1 0 0 0 0
2266 2 1 0 0 0
2286 4 0 0 0 0
2287 1 0 0 0 0
2288 1 0 0 0 0
2289 1 0 0 0 0
2293 1 0 0 0 0
2298 8 0 0 0 0
2464 2 0 0 0 0
2466 1 0 0 0 0
2467 1 0 0 0 0
2471 8 0 0 0 0
2473 15 3 1 0 0
2475 2 0 0 0 0
2477 105 42 14 0 0
2478 19 0 0 0 0
2480 4 2 0 0 0
2486 14 2 0 2 2
2507 2 1 0 0 0
2514 6 1 0 0 0
2516 3 0 0 0 0
2562 3 1 0 0 0
2563 6 1 1 0 0
2565 3 0 0 0 0
2635 3 1 0 0 0
2667 3 1 1 0 0
fn=handle_ld_preload
121 3 1 0 0 0
752 1 0 0 0 0
756 1 0 0 0 0
757 1 0 0 0 0
758 1 0 0 0 0
760 1 0 0 0 0
762 11 0 0 0 0
763 3 1 0 0 0
771 4 0 0 0 0
837 9 0 0 0 0
838 1 0 0 0 0
842 4 2 0 0 0
845 4 0 0 0 0
846 3 1 1 0 0
848 5 0 0 0 0
849 2 0 0 0 0
855 1 0 0 0 0
857 2 0 0 0 0
859 2 1 0 0 0
863 9 0 0 0 0
fn=init_tls
681 1 0 0 0 0
683 2 0 0 0 0
687 2 1 0 0 0
693 2 0 0 0 0
696 1 0 0 0 0
697 4 0 0 0 0
702 1 0 0 0 0
704 1 0 0 0 0
708 2 1 1 0 0
709 1 0 0 0 0
710 16 5 1 0 0
711 8 0 0 0 0
712 8 4 3 0 0
716 2 0 0 0 0
718 1 0 0 0 0
720 2 1 1 0 0
723 1 0 0 0 0
730 2 0 0 0 0
731 2 1 1 0 0
737 2 0 0 0 0
740 7 1 1 0 0
743 1 0 0 0 0
745 1 0 0 0 0
746 3 0 0 0 0
fn=map_doit
588 2 0 0 0 0
590 4 0 0 0 0
591 6 0 0 0 0
593 2 0 0 0 0
fn=rtld_lock_default_lock_recursive
784 5 0 0 0 0
785 5 0 0 0 0
fn=rtld_lock_default_unlock_recursive
790 5 0 0 0 0
791 5 0 0 0 0
fn=version_check_doit
621 2 0 0 0 0
623 6 1 1 0 0
627 2 0 0 0 0
fl=/build/glibc-OTsEL5/glibc-2.27/elf/setup-vdso.h
fn=dl_main
24 2 1 1 0 0
fl=/build/glibc-OTsEL5/glibc-2.27/io/../sysdeps/unix/sysv/linux/access.c
fn=access
27 7 1 1 0 0
31 1 0 0 0 0
fl=/build/glibc-OTsEL5/glibc-2.27/io/../sysdeps/unix/sysv/linux/close.c
fn=close
27 12 3 0 0 0
28 3 0 0 0 0
fl=/build/glibc-OTsEL5/glibc-2.27/io/../sysdeps/unix/sysv/linux/open64.c
fn=open
36 11 0 0 0 0
39 66 22 0 0 0
47 101 11 2 0 0
49 11 0 0 0 0
fl=/build/glibc-OTsEL5/glibc-2.27/io/../sysdeps/unix/sysv/linux/read.c
fn=read
27 8 2 0 0 0
28 2 0 0 0 0
fl=/build/glibc-OTsEL5/glibc-2.27/io/../sysdeps/unix/sysv/linux/wordsize-64/fxstat.c
fn=_fxstat
33 4 0 0 0 0
34 8 4 0 0 0
35 24 4 0 0 0
39 4 0 0 0 0
fl=/build/glibc-OTsEL5/glibc-2.27/io/../sysdeps/unix/sysv/linux/wordsize-64/lxstat.c
fn=open
39 11 0 0 0 0
fl=/build/glibc-OTsEL5/glibc-2.27/io/../sysdeps/unix/sysv/linux/wordsize-64/xstat.c
fn=_xstat
33 8 0 0 0 0
34 16 8 0 0 0
35 76 8 3 0 0
39 1 0 0 0 0
fl=/build/glibc-OTsEL5/glibc-2.27/io/../sysdeps/unix/sysv/linux/write.c
fn=write
27 8 2 0 0 0
28 1 0 0 0 0
fl=/build/glibc-OTsEL5/glibc-2.27/libio/../misc/sys/sysmacros.h
fn=_IO_file_doallocate
79 6 0 0 0 0
fl=/build/glibc-OTsEL5/glibc-2.27/libio/filedoalloc.c
fn=_IO_file_doallocate
78 8 0 0 0 0
84 9 2 0 1 1
86 4 1 1 0 0
89 2 1 0 0 0
91 2 0 0 0 0
94 2 0 0 0 0
97 4 1 0 0 0
101 3 0 0 0 0
102 2 1 0 0 0
103 1 0 0 0 0
104 4 0 0 0 0
105 1 0 0 0 0
106 8 1 0 0 0
fl=/build/glibc-OTsEL5/glibc-2.27/libio/fileops.c
fn=_IO_do_write@@GLIBC_2.2.5
431 16 0 0 0 0
433 10 2 1 0 0
434 9 0 0 0 0
442 2 1 0 0 0
449 4 1 1 0 0
457 5 0 0 1 1
458 5 2 0 0 0
460 4 0 0 0 0
461 2 0 0 0 0
462 1 0 0 0 0
463 2 1 1 0 0
464 3 1 1 0 0
fn=_IO_file_overflow@@GLIBC_2.2.5
746 198 0 0 0 0
747 99 33 0 0 0
754 162 65 4 0 0
757 2 1 1 0 0
759 2 0 0 0 0
760 6 0 0 0 0
769 2 1 0 0 0
778 4 1 0 0 0
780 1 0 0 0 0
781 2 0 0 0 0
782 1 0 0 0 0
783 2 0 0 0 0
785 3 0 0 0 0
786 5 2 0 0 0
787 1 0 0 0 0
789 66 33 1 0 0
790 4 0 0 0 0
791 2 0 0 0 0
792 62 31 0 0 0
795 93 0 0 0 0
796 93 31 0 0 0
797 155 62 0 0 0
802 130 0 0 0 0
fn=_IO_file_setbuf@@GLIBC_2.2.5
389 2 0 0 0 0
390 3 1 0 0 0
393 2 0 0 0 0
394 2 0 0 0 0
395 3 0 0 0 0
397 1 0 0 0 0
398 2 0 0 0 0
fn=_IO_file_stat
1169 1 0 0 0 0
1170 3 0 0 0 0
fn=_IO_file_sync@@GLIBC_2.2.5
807 4 0 0 0 0
812 4 1 1 0 0
814 1 0 0 0 0
815 2 1 1 0 0
830 2 0 0 0 0
834 4 0 0 0 0
fn=_IO_file_write@@GLIBC_2.2.5
1196 6 0 0 0 0
1198 8 2 1 0 0
1203 6 1 1 0 0
1204 2 1 1 0 0
1209 1 0 0 0 0
1210 1 0 0 0 0
1213 3 1 1 0 0
1216 9 0 0 0 0
fn=_IO_file_xsputn@@GLIBC_2.2.5
1220 14 0 0 0 0
1226 10 2 0 0 0
1227 2 0 0 0 0
1233 10 2 1 0 0
1235 2 0 0 0 0
1236 2 1 0 0 0
1239 3 1 0 0 0
1241 4 1 0 0 0
1243 1 0 0 0 0
1250 4 1 1 0 0
1254 6 1 1 0 0
1258 3 0 0 0 0
1259 1 0 0 0 0
1260 4 0 0 0 0
1262 2 1 1 0 0
1266 12 2 0 2 1
1272 4 0 0 0 0
1273 14 2 0 0 0
1275 4 2 0 0 0
1286 6 2 2 0 0
1287 7 0 0 0 0
1290 18 0 0 0 0
fl=/build/glibc-OTsEL5/glibc-2.27/libio/genops.c
fn=_IO_cleanup
849 7 1 1 0 0
850 13 3 2 0 0
853 12 4 1 0 0
855 9 3 1 0 0
857 6 2 1 0 0
863 17 4 2 0 0
871 5 2 1 0 0
873 2 0 0 0 0
875 2 0 0 0 0
876 1 0 0 0 0
877 3 0 0 0 0
880 5 0 0 1 1
882 3 1 1 0 0
886 5 2 0 0 0
887 9 3 2 0 0
893 3 0 0 0 0
897 9 3 2 0 0
898 2 1 1 0 0
918 10 0 0 0 0
921 3 0 0 0 0
933 12 1 1 0 0
fn=_IO_default_setbuf
348 4 2 0 0 0
350 1 0 0 0 0
351 1 0 0 0 0
355 3 0 0 0 0
479 8 0 0 0 0
480 6 1 0 1 1
482 3 1 1 0 0
484 2 0 0 0 0
485 2 0 0 0 0
489 1 0 0 0 0
492 3 0 0 0 0
493 3 0 0 0 0
494 1 0 0 0 0
495 6 0 0 0 0
fn=_IO_default_xsputn
389 11 0 0 0 0
392 2 1 0 0 0
393 1 0 0 0 0
397 96 24 1 0 0
417 209 47 2 23 1
419 46 0 0 0 0
422 8 0 0 0 0
fn=_IO_doallocbuf
361 3 0 0 0 0
362 2 1 1 0 0
364 4 1 1 0 0
365 5 1 1 1 1
368 4 0 0 0 0
fn=_IO_flush_all_lockp
749 11 0 0 0 0
750 1 0 0 0 0
754 8 1 1 0 0
755 13 3 2 0 0
758 12 4 1 0 0
760 3 0 0 0 0
761 6 3 3 0 0
762 1 0 0 0 0
764 22 6 0 0 0
772 6 3 3 0 0
774 3 0 0 0 0
778 9 3 2 0 0
779 3 1 1 0 0
783 12 1 0 0 0
fn=_IO_setb
347 3 0 0 0 0
348 4 1 1 0 0
350 1 0 0 0 0
351 1 0 0 0 0
353 6 0 0 0 0
356 3 0 0 0 0
fn=__overflow
217 16 0 0 0 0
219 24 8 3 0 0
221 24 0 0 8 1
222 16 0 0 0 0
fl=/build/glibc-OTsEL5/glibc-2.27/libio/libioP.h
fn=_IO_cleanup
870 4 0 0 0 0
872 2 0 0 0 0
873 2 1 0 0 0
fn=_IO_default_setbuf
870 3 0 0 0 0
872 2 0 0 0 0
873 2 1 0 0 0
fn=_IO_default_xsputn
870 4 0 0 0 0
872 46 0 0 0 0
873 46 23 0 0 0
fn=_IO_do_write@@GLIBC_2.2.5
873 2 1 0 0 0
fn=_IO_doallocbuf
870 3 0 0 0 0
872 2 0 0 0 0
873 2 1 0 0 0
fn=_IO_file_doallocate
870 3 0 0 0 0
872 2 0 0 0 0
873 2 1 0 0 0
fn=_IO_file_xsputn@@GLIBC_2.2.5
870 6 0 0 0 0
872 4 0 0 0 0
873 4 2 0 0 0
fn=_IO_flush_all_lockp
870 4 0 0 0 0
fn=__overflow
870 24 0 0 0 0
872 16 0 0 0 0
873 16 8 0 0 0
fl=/build/glibc-OTsEL5/glibc-2.27/malloc/arena.c
fn=malloc_hook_ini
291 3 1 1 0 0
fn=ptmalloc_init.part.0
289 5 0 0 0 0
294 1 0 0 0 0
302 2 1 1 0 0
303 7 1 0 0 0
304 4 1 0 0 0
308 13 0 0 0 0
313 7 0 0 0 0
314 4 0 0 0 0
315 4 0 0 0 0
316 4 0 0 0 0
317 4 0 0 0 0
318 4 0 0 0 0
319 4 0 0 0 0
320 4 0 0 0 0
322 4 0 0 0 0
323 4 0 0 0 0
324 4 0 0 0 0
395 2 0 0 0 0
396 2 1 1 0 0
399 1 0 0 0 0
400 6 1 0 0 0
fn=sysmalloc
535 2 0 0 0 0
fl=/build/glibc-OTsEL5/glibc-2.27/malloc/hooks.c
fn=malloc_hook_ini
29 5 0 0 0 0
30 2 0 0 0 0
33 7 0 0 0 0
fl=/build/glibc-OTsEL5/glibc-2.27/malloc/malloc.c
fn=_int_malloc
1887 9 3 2 0 0
3521 21 0 0 0 0
3553 30 9 0 0 0
3557 18 3 0 0 0
3581 6 3 2 0 0
3639 7 3 2 0 0
3641 26 0 0 0 0
3642 8 0 0 0 0
3644 6 2 2 0 0
3701 31 1 1 0 0
3702 3 1 0 0 0
3703 40 0 0 0 0
3720 13 0 0 0 0
3721 9 0 0 0 0
3722 12 3 1 0 0
3726 9 0 0 0 0
3731 3 0 0 0 0
3732 9 3 3 0 0
3752 12 0 0 0 0
3792 9 0 0 0 0
3879 3 0 0 0 0
3893 6 3 3 0 0
3904 6 3 2 0 0
3906 5 0 0 0 0
3909 3 1 1 0 0
3977 6 0 0 0 0
3978 6 0 0 0 0
3979 6 0 0 0 0
3980 6 0 0 0 0
3981 6 0 0 0 0
3986 6 3 3 0 0
3990 22 8 2 0 0
3993 23 6 0 0 0
4090 3 0 0 0 0
4091 6 0 0 0 0
4093 10 3 2 0 0
4095 4 0 0 0 0
4096 2 0 0 0 0
4097 2 0 0 0 0
4098 18 0 0 0 0
4100 6 0 0 0 0
4103 2 0 0 0 0
4110 3 1 1 0 0
4125 4 0 0 0 0
4126 2 1 0 0 0
4131 27 0 0 0 0
fn=free
2929 3 1 0 0 0
2930 2 0 0 0 0
2931 1 0 0 0 0
2932 3 0 0 0 0
3086 11 0 0 0 0
3091 2 0 0 0 0
3092 2 1 0 0 0
3098 2 1 0 0 0
3101 1 0 0 0 0
3103 3 1 0 0 0
3121 3 1 0 0 0
3123 3 1 0 0 0
3125 11 1 0 0 0
4149 2 0 0 0 0
4155 4 1 0 0 0
4156 2 1 0 0 0
4160 4 2 0 0 0
4167 2 0 0 0 0
4169 3 1 0 0 0
4170 2 1 0 0 0
4171 4 1 1 0 0
fn=malloc
3028 6 0 0 0 0
3033 4 0 0 0 0
3034 4 2 1 0 0
3035 2 0 0 1 1
3039 11 3 1 0 0
3040 3 0 0 0 0
3042 4 1 0 0 0
3045 2 1 1 0 0
3047 1 0 0 0 0
3048 3 1 1 0 0
3055 4 1 0 0 0
3057 4 0 0 0 0
3058 7 3 1 0 0
3081 8 0 0 0 0
fn=malloc_hook_ini
2983 5 1 0 0 0
3034 2 1 1 0 0
3039 11 3 1 0 0
3040 2 0 0 0 0
3042 4 1 1 0 0
3045 3 1 0 0 0
3047 5 1 0 0 0
3048 3 1 1 0 0
3055 4 1 0 0 0
3057 4 0 0 0 0
3058 7 3 1 0 0
fn=ptmalloc_init.part.0
1816 498 0 0 0 0
1817 384 31 10 0 0
1825 1 0 0 0 0
1826 1 0 0 0 0
1828 2 0 0 0 0
fn=sysmalloc
2274 8 0 0 0 0
2294 2 0 0 0 0
2305 2 1 0 0 0
2306 4 1 0 0 0
2321 4 0 0 0 0
2387 1 0 0 0 0
2388 3 0 0 0 0
2389 1 0 0 0 0
2398 4 2 1 0 0
2404 4 1 0 0 0
2407 3 1 1 0 0
2460 3 0 0 0 0
2468 2 1 0 0 0
2469 1 0 0 0 0
2479 6 0 0 0 0
2487 2 1 1 0 0
2489 5 0 0 1 1
2490 1 0 0 0 0
2493 3 1 0 0 0
2496 4 0 0 0 0
2497 2 1 0 0 0
2541 3 0 0 0 0
2543 2 1 1 0 0
2544 2 0 0 0 0
2545 3 0 0 0 0
2551 2 1 1 0 0
2554 4 2 1 0 0
2588 2 1 1 0 0
2594 3 1 1 0 0
2616 2 0 0 0 0
2617 6 0 0 0 0
2619 2 1 0 0 0
2620 4 0 0 1 1
2632 3 1 1 0 0
2640 2 0 0 0 0
2641 4 1 0 0 0
2679 1 0 0 0 0
2680 4 0 0 0 0
2681 2 0 0 0 0
2692 2 1 1 0 0
2724 2 1 0 0 0
2725 1 0 0 0 0
2730 2 0 0 0 0
2733 2 1 0 0 0
2735 1 0 0 0 0
2736 1 0 0 0 0
2737 1 0 0 0 0
2738 8 0 0 0 0
2739 2 0 0 0 0
2741 2 0 0 0 0
2747 9 0 0 0 0
fn=tcache_init.part.4
2977 1 0 0 0 0
2986 10 3 2 0 0
2987 4 0 0 0 0
2988 2 1 0 0 0
2996 4 2 2 0 0
3003 2 1 0 0 0
3005 2 0 0 0 0
3006 80 72 6 0 0
3009 2 0 0 0 0
fl=/build/glibc-OTsEL5/glibc-2.27/malloc/morecore.c
fn=__default_morecore
46 2 0 0 0 0
47 2 0 0 0 0
49 6 0 0 0 0
52 4 0 0 0 0
fl=/build/glibc-OTsEL5/glibc-2.27/misc/../sysdeps/unix/syscall-template.S
fn=mprotect
78 24 6 0 0 0
79 6 0 0 0 0
fn=munmap
78 4 1 0 0 0
79 1 0 0 0 0
fl=/build/glibc-OTsEL5/glibc-2.27/misc/../sysdeps/unix/sysv/linux/mmap64.c
fn=mmap
41 84 0 0 0 0
44 14 7 0 0 0
47 26 13 8 0 0
52 70 7 0 0 0
54 49 0 0 0 0
fl=/build/glibc-OTsEL5/glibc-2.27/misc/../sysdeps/unix/sysv/linux/x86_64/brk.c
fn=brk
31 16 2 0 0 0
33 4 2 0 0 0
39 2 0 0 0 0
40 2 0 0 0 0
fl=/build/glibc-OTsEL5/glibc-2.27/misc/init-misc.c
fn=__init_misc
30 3 0 0 0 0
31 6 2 0 0 0
33 3 0 0 0 0
37 5 0 0 0 0
38 3 0 0 0 0
40 4 0 0 0 0
fl=/build/glibc-OTsEL5/glibc-2.27/misc/sbrk.c
fn=sbrk
32 8 0 0 0 0
40 11 3 2 0 0
41 5 1 0 0 0
44 4 2 1 0 0
48 6 2 0 0 0
56 4 1 0 0 0
60 10 0 0 0 0
fl=/build/glibc-OTsEL5/glibc-2.27/nptl/alloca_cutoff.c
fn=__libc_alloca_cutoff
28 9 1 1 0 0
35 1 0 0 0 0
fl=/build/glibc-OTsEL5/glibc-2.27/nptl/unregister-atfork.c
fn=__unregister_atfork
28 14 0 0 0 0
36 2 0 0 0 0
39 4 2 2 0 0
121 12 2 0 0 0
fl=/build/glibc-OTsEL5/glibc-2.27/posix/../sysdeps/unix/syscall-template.S
fn=uname
78 4 1 0 0 0
79 1 0 0 0 0
fl=/build/glibc-OTsEL5/glibc-2.27/posix/../sysdeps/unix/sysv/linux/_exit.c
fn=_Exit
27 2 0 0 0 0
31 4 0 0 0 0
33 2 0 0 0 0
fl=/build/glibc-OTsEL5/glibc-2.27/setjmp/../sysdeps/x86_64/bsd-_setjmp.S
fn=_setjmp
30 1 0 0 0 0
32 1 0 0 0 0
fl=/build/glibc-OTsEL5/glibc-2.27/setjmp/../sysdeps/x86_64/setjmp.S
fn=__sigsetjmp
26 4 0 0 0 0
35 4 0 0 0 0
36 8 0 0 0 0
37 4 0 0 0 0
41 4 0 0 0 0
42 4 0 0 0 0
43 4 0 0 0 0
44 4 0 0 0 0
45 4 0 0 0 0
47 8 0 0 0 0
49 4 0 0 0 0
50 4 0 0 0 0
51 4 0 0 0 0
53 8 0 0 0 0
55 4 0 0 0 0
59 3 0 0 0 0
60 3 0 0 0 0
63 1 0 0 0 0
fl=/build/glibc-OTsEL5/glibc-2.27/setjmp/sigjmp.c
fn=__sigjmp_save
28 2 0 0 0 0
29 3 1 1 0 0
34 3 0 0 0 0
fl=/build/glibc-OTsEL5/glibc-2.27/stdio-common/../include/../locale/localeinfo.h
fn=__printf_fp_l
309 3 0 0 0 0
fl=/build/glibc-OTsEL5/glibc-2.27/stdio-common/../include/rounding-mode.h
fn=__printf_fp_l
52 2 1 1 0 0
fl=/build/glibc-OTsEL5/glibc-2.27/stdio-common/../libio/libioP.h
fn=vfprintf
870 5 0 0 0 0
872 5 0 0 0 0
873 4 2 0 0 0
fl=/build/glibc-OTsEL5/glibc-2.27/stdio-common/../sysdeps/generic/get-rounding-mode.h
fn=__printf_fp_l
94 1 0 0 0 0
95 7 3 1 0 0
fl=/build/glibc-OTsEL5/glibc-2.27/stdio-common/../sysdeps/pthread/allocalim.h
fn=__printf_fp_l
27 2 0 0 0 0
29 2 1 1 0 0
fl=/build/glibc-OTsEL5/glibc-2.27/stdio-common/printf-parse.h
fn=vfprintf
108 9 0 0 0 0
fl=/build/glibc-OTsEL5/glibc-2.27/stdio-common/printf.c
fn=printf
28 19 1 0 0 0
32 6 0 0 0 0
33 5 0 0 0 0
37 5 1 0 0 0
fl=/build/glibc-OTsEL5/glibc-2.27/stdio-common/printf_fp.c
fn=__printf_fp
1271 1 0 0 0 0
1272 5 0 0 0 0
fn=__printf_fp_l
170 76 18 8 0 0
172 20 4 3 0 0
174 12 0 0 0 0
175 40 0 0 0 0
213 16 0 0 0 0
230 1 0 0 0 0
231 1 0 0 0 0
254 1 0 0 0 0
257 1 0 0 0 0
263 6 0 0 0 0
270 2 0 0 0 0
273 3 1 0 0 0
276 2 0 0 0 0
294 2 1 0 0 0
302 1 0 0 0 0
383 3 1 1 0 0
388 2 1 1 0 0
392 23 2 0 0 0
428 7 0 0 0 0
429 1 0 0 0 0
430 2 0 0 0 0
433 6 0 0 0 0
434 4 0 0 0 0
435 4 0 0 0 0
441 1 0 0 0 0
442 2 1 1 0 0
640 2 0 0 0 0
645 2 1 1 0 0
648 1 0 0 0 0
658 1 0 0 0 0
661 4 0 0 0 0
662 5 0 0 0 0
665 1 0 0 0 0
666 5 0 0 0 0
671 12 0 0 0 0
673 24 12 6 0 0
680 10 2 0 0 0
681 6 0 0 0 0
682 2 0 0 0 0
686 10 0 0 0 0
689 6 0 0 0 0
690 4 2 2 0 0
691 6 0 0 0 0
693 12 0 0 0 0
694 4 0 0 0 0
695 10 0 0 0 0
702 8 2 1 0 0
704 2 1 0 0 0
706 1 0 0 0 0
708 6 0 0 0 0
714 2 0 0 0 0
724 3 1 1 0 0
725 2 1 0 0 0
727 1 1 1 0 0
732 2 0 0 0 0
733 4 0 0 0 0
738 4 0 0 0 0
741 3 1 1 0 0
742 3 1 0 0 0
749 3 0 0 0 0
752 5 1 0 0 0
765 3 0 0 0 0
775 1 0 0 0 0
778 5 0 0 0 0
783 12 0 0 0 0
785 58 23 1 0 0
787 2 1 0 0 0
791 5 0 0 0 0
792 2 0 0 0 0
795 3 0 0 0 0
796 5 1 1 0 0
804 3 0 0 0 0
805 2 0 0 0 0
806 1 0 0 0 0
809 3 0 0 0 0
827 3 0 0 0 0
831 1 0 0 0 0
836 1 0 0 0 0
837 7 0 0 0 0
839 2 1 1 0 0
849 2 1 1 0 0
851 1 0 0 0 0
852 7 1 1 0 0
853 1 0 0 0 0
854 1 0 0 0 0
855 3 1 1 0 0
863 1 0 0 0 0
864 3 0 0 0 0
897 3 1 1 0 0
911 6 2 0 0 0
912 1 0 0 0 0
918 1 0 0 0 0
928 7 0 0 0 0
929 1 0 0 0 0
932 5 2 1 0 0
935 1 0 0 0 0
944 1 0 0 0 0
950 1 0 0 0 0
951 1 0 0 0 0
952 4 0 0 0 0
956 3 0 0 0 0
957 1 0 0 0 0
958 28 7 6 0 0
959 2 1 1 0 0
961 6 0 0 0 0
962 6 0 0 0 0
963 6 0 0 0 0
965 24 6 4 0 0
974 3 1 1 0 0
975 2 0 0 0 0
977 6 1 0 0 0
978 1 0 0 0 0
979 3 1 0 0 0
982 2 1 1 0 0
986 1 0 0 0 0
987 11 4 0 0 0
1093 3 1 0 0 0
1100 2 1 1 0 0
1103 3 1 1 0 0
1116 3 1 1 0 0
1162 7 2 1 0 0
1164 8 0 0 0 0
1166 8 3 1 0 0
1167 1 0 0 0 0
1169 2 1 1 0 0
1171 4 1 1 0 0
1173 2 1 1 0 0
1176 5 2 1 0 0
1185 3 1 0 0 0
1192 3 1 0 0 0
1197 3 0 0 0 0
1199 3 1 1 0 0
1200 2 0 0 0 0
1204 4 0 0 0 0
1206 3 1 0 0 0
1217 6 0 0 0 0
1224 34 9 1 0 0
1225 24 8 5 0 0
1226 5 0 0 0 0
1227 14 7 0 0 0
1228 3 0 0 0 0
1230 14 0 0 0 0
1234 3 1 0 0 0
1251 115 26 4 0 0
1254 3 1 0 0 0
1261 3 1 0 0 0
1265 12 1 0 0 0
fn=hack_digit
167 3 0 0 0 0
170 11 3 2 0 0
172 6 1 1 0 0
174 2 0 0 0 0
175 5 0 0 0 0
207 6 0 0 0 0
fl=/build/glibc-OTsEL5/glibc-2.27/stdio-common/vfprintf.c
fn=vfprintf
1244 14 0 0 0 0
1246 2 0 0 0 0
1275 3 0 0 0 0
1279 1 0 0 0 0
1283 4 1 0 0 0
1287 5 2 0 0 0
1298 4 1 0 0 0
1305 1 0 0 0 0
1309 4 0 0 0 0
1313 1 0 0 0 0
1324 11 2 1 0 0
1325 13 3 2 0 0
1328 11 2 1 1 1
1332 3 1 0 0 0
1336 8 3 1 0 0
1357 1 0 0 0 0
1358 1 0 0 0 0
1359 1 0 0 0 0
1360 1 0 0 0 0
1361 1 0 0 0 0
1362 1 0 0 0 0
1363 1 0 0 0 0
1364 1 0 0 0 0
1365 1 0 0 0 0
1366 1 0 0 0 0
1367 1 0 0 0 0
1370 1 0 0 0 0
1371 1 0 0 0 0
1374 2 0 0 1 1
1375 3 0 0 0 0
1378 15 1 0 0 0
1614 1 0 0 0 0
1615 17 1 0 1 1
1642 60 5 1 0 0
1660 1 0 0 0 0
1662 2 1 0 0 0
1670 1 0 0 0 0
1674 19 3 0 1 1
1676 4 1 0 0 0
1696 11 4 3 0 0
1697 3 1 1 0 0
1700 12 1 0 0 0
fl=/build/glibc-OTsEL5/glibc-2.27/stdlib/../stdlib/strtol.c
fn=strtol
106 8 0 0 0 0
fl=/build/glibc-OTsEL5/glibc-2.27/stdlib/../stdlib/strtol_l.c
fn=____strtol_l_internal
226 18 0 0 0 0
246 4 0 0 0 0
252 4 2 0 0 0
273 2 0 0 0 0
274 2 0 0 0 0
283 8 4 2 0 0
292 12 2 2 0 0
294 4 2 0 0 0
298 2 0 0 0 0
299 4 2 0 0 0
304 4 2 2 0 0
308 4 2 0 0 0
318 4 2 0 0 0
325 4 2 2 0 0
328 10 2 1 0 0
376 2 0 0 0 0
377 2 0 0 0 0
378 2 0 0 0 0
432 12 0 0 0 0
434 32 16 4 0 0
436 18 6 3 0 0
450 6 0 0 0 0
460 2 0 0 0 0
461 2 0 0 0 0
464 18 6 0 0 0
467 18 12 6 0 0
472 8 0 0 0 0
473 18 0 0 0 0
478 4 2 0 0 0
483 4 2 2 0 0
489 4 2 2 0 0
490 4 2 2 0 0
492 6 2 2 0 0
525 16 0 0 0 0
fl=/build/glibc-OTsEL5/glibc-2.27/stdlib/../sysdeps/ieee754/dbl-64/dbl2mpn.c
fn=__mpn_extract_double
35 1 0 0 0 0
37 3 0 0 0 0
38 5 0 0 0 0
47 3 0 0 0 0
56 3 1 1 0 0
103 3 0 0 0 0
107 2 0 0 0 0
fl=/build/glibc-OTsEL5/glibc-2.27/stdlib/../sysdeps/x86_64/lshift.S
fn=__mpn_lshift
29 1 0 0 0 0
30 1 0 0 0 0
32 1 0 0 0 0
33 1 0 0 0 0
34 1 1 1 0 0
46 1 0 0 0 0
47 1 1 0 0 0
48 1 0 0 0 0
49 1 0 0 0 0
50 1 0 0 0 0
51 1 0 0 0 0
52 1 1 1 0 0
58 1 0 0 0 0
59 1 0 0 0 0
60 1 0 0 0 0
fl=/build/glibc-OTsEL5/glibc-2.27/stdlib/../sysdeps/x86_64/mul_1.S
fn=__mpn_mul_1
32 8 0 0 0 0
35 8 0 0 0 0
36 8 0 0 0 0
37 8 0 0 0 0
38 8 0 0 0 0
39 8 0 0 0 0
41 8 0 0 0 0
42 8 0 0 0 0
44 8 0 0 0 0
45 8 8 0 0 0
46 8 0 0 0 0
47 8 8 2 0 0
48 5 5 0 0 0
50 5 0 0 0 0
51 5 5 0 0 0
52 5 0 0 0 0
53 5 0 0 0 0
79 3 0 0 0 0
80 3 0 0 0 0
81 3 0 0 0 0
82 3 0 0 0 0
83 3 0 0 0 0
84 3 0 0 0 0
85 3 0 0 0 0
86 3 0 0 0 0
87 3 0 0 0 0
113 3 0 0 0 0
114 3 0 0 0 0
115 3 3 0 0 0
117 3 0 0 0 0
118 3 0 0 0 0
119 3 0 0 0 0
120 3 0 0 0 0
121 3 0 0 0 0
122 8 0 0 0 0
124 8 0 0 0 0
127 8 0 0 0 0
fl=/build/glibc-OTsEL5/glibc-2.27/stdlib/../sysdeps/x86_64/rshift.S
fn=__mpn_rshift
29 2 0 0 0 0
30 2 0 0 0 0
31 2 2 2 0 0
44 2 0 0 0 0
45 2 2 2 0 0
61 2 2 0 0 0
62 2 0 0 0 0
63 2 0 0 0 0
64 2 0 0 0 0
65 2 0 0 0 0
66 2 0 0 0 0
67 2 2 2 0 0
72 2 0 0 0 0
73 2 0 0 0 0
74 2 0 0 0 0
75 2 0 0 0 0
76 2 0 0 0 0
fl=/build/glibc-OTsEL5/glibc-2.27/stdlib/atoi.c
fn=atoi
26 2 0 0 0 0
27 6 0 0 0 0
28 4 0 0 0 0
fl=/build/glibc-OTsEL5/glibc-2.27/stdlib/cxa_atexit.c
fn=__cxa_atexit
39 7 2 2 0 0
40 2 0 0 0 0
42 2 1 0 0 0
49 2 0 0 0 0
51 1 0 0 0 0
52 1 0 0 0 0
53 1 0 0 0 0
54 1 0 0 0 0
55 4 2 2 0 0
56 1 0 0 0 0
65 8 0 0 0 0
67 6 0 0 0 0
fn=__new_exitfn
78 3 0 0 0 0
79 2 0 0 0 0
84 2 1 0 0 0
89 8 2 1 0 0
91 3 1 1 0 0
99 2 0 0 0 0
120 1 0 0 0 0
121 2 0 0 0 0
134 1 0 0 0 0
135 1 0 0 0 0
139 4 0 0 0 0
fl=/build/glibc-OTsEL5/glibc-2.27/stdlib/cxa_finalize.c
fn=__cxa_finalize
30 16 0 0 0 0
33 14 4 4 0 0
36 12 4 0 0 0
40 14 2 0 0 0
94 16 4 0 0 0
98 12 2 2 0 0
106 4 2 0 0 0
107 4 0 0 0 0
109 8 4 4 0 0
110 16 0 0 0 0
fl=/build/glibc-OTsEL5/glibc-2.27/stdlib/cxa_thread_atexit_impl.c
fn=__call_tls_dtors
145 3 0 0 0 0
146 4 1 1 0 0
164 4 0 0 0 0
fl=/build/glibc-OTsEL5/glibc-2.27/stdlib/exit.c
fn=__run_exit_handlers
40 10 0 0 0 0
45 3 1 1 0 0
46 2 0 0 0 0
53 1 0 0 0 0
56 14 4 4 0 0
59 2 0 0 0 0
61 5 2 1 0 0
65 1 0 0 0 0
66 4 2 2 0 0
70 6 2 1 0 0
72 2 0 0 0 0
73 1 0 0 0 0
76 4 2 2 0 0
77 8 2 2 0 0
103 1 0 0 0 0
106 3 0 0 0 0
108 3 0 0 1 1
109 1 0 0 0 0
112 6 2 2 0 0
114 2 1 0 0 0
120 2 0 0 0 0
121 2 1 1 0 0
126 4 2 1 0 0
129 2 1 0 0 0
130 14 2 0 1 1
132 2 0 0 0 0
fn=exit
138 1 0 0 0 0
139 4 0 0 0 0
fl=/build/glibc-OTsEL5/glibc-2.27/stdlib/mul.c
fn=__mpn_mul
48 32 0 0 0 0
54 4 2 0 0 0
66 4 2 0 0 0
71 2 0 0 0 0
72 4 2 2 0 0
81 2 0 0 0 0
83 6 0 0 0 0
84 2 0 0 0 0
88 4 2 2 0 0
142 22 2 0 0 0
fl=/build/glibc-OTsEL5/glibc-2.27/stdlib/rand.c
fn=rand
26 100 0 0 0 0
27 100 0 0 0 0
28 200 0 0 0 0
fl=/build/glibc-OTsEL5/glibc-2.27/stdlib/random.c
fn=random
288 400 0 0 0 0
291 500 200 13 0 0
293 300 0 0 0 0
295 400 200 12 0 0
297 100 0 0 0 0
298 500 100 0 0 0
fl=/build/glibc-OTsEL5/glibc-2.27/stdlib/random_r.c
fn=random_r
357 400 200 0 0 0
360 200 0 0 0 0
362 300 100 0 0 0
371 100 0 0 0 0
372 100 0 0 0 0
373 100 0 0 0 0
376 300 0 0 0 0
378 200 0 0 0 0
379 200 0 0 0 0
380 200 100 6 0 0
388 194 97 5 0 0
391 197 0 0 0 0
392 100 0 0 0 0
394 103 0 0 0 0
fl=/build/glibc-OTsEL5/glibc-2.27/string/../bits/stdlib-bsearch.h
fn=intel_check_word.isra.0
27 24 0 0 0 0
28 12 0 0 0 0
29 288 81 11 0 0
31 162 0 0 0 0
32 81 0 0 0 0
37 15 0 0 0 0
fl=/build/glibc-OTsEL5/glibc-2.27/string/../sysdeps/x86/cacheinfo.c
fn=handle_intel.constprop.1
259 30 0 0 0 0
261 3 0 0 0 0
264 9 3 0 0 0
270 3 0 0 0 0
272 3 0 0 0 0
273 3 0 0 0 0
275 12 0 0 0 0
281 15 0 0 0 0
286 6 3 0 0 0
288 6 0 0 0 0
289 3 0 0 0 0
293 18 0 0 0 0
295 6 3 0 0 0
298 21 0 0 0 0
300 6 3 3 0 0
319 33 3 0 0 0
fn=init_cacheinfo
488 7 0 0 0 0
500 2 0 0 0 0
502 6 1 1 0 0
504 3 0 0 0 0
506 3 0 0 0 0
510 1 0 0 0 0
511 3 0 0 0 0
519 2 1 0 0 0
530 1 0 0 0 0
535 3 1 0 0 0
539 2 1 0 0 0
547 9 1 0 0 0
550 14 0 0 0 0
556 8 4 0 0 0
559 26 7 5 0 0
564 2 1 0 0 0
568 4 0 0 0 0
569 1 0 0 0 0
573 2 1 0 0 0
577 3 0 0 0 0
580 3 0 0 0 0
581 1 0 0 0 0
586 8 4 1 0 0
592 2 1 0 0 0
600 8 0 0 0 0
602 7 1 1 0 0
604 7 3 2 0 0
606 6 0 0 0 0
609 2 0 0 0 0
610 8 4 0 0 0
612 4 2 1 0 0
615 2 1 0 0 0
620 1 0 0 0 0
622 4 0 0 0 0
623 3 0 0 0 0
624 1 0 0 0 0
627 2 1 1 0 0
630 3 1 0 0 0
634 2 1 0 0 0
637 1 0 0 0 0
639 4 0 0 0 0
640 1 0 0 0 0
645 2 0 0 0 0
650 2 1 0 0 0
651 1 0 0 0 0
652 2 1 0 0 0
653 1 0 0 0 0
654 2 1 1 0 0
691 4 2 0 0 0
692 5 0 0 0 0
696 2 1 1 0 0
755 2 1 1 0 0
758 2 1 0 0 0
760 3 0 0 0 0
761 1 0 0 0 0
763 1 0 0 0 0
764 3 0 0 0 0
765 1 0 0 0 0
768 2 1 1 0 0
771 2 1 0 0 0
773 3 0 0 0 0
774 1 0 0 0 0
776 1 0 0 0 0
777 3 0 0 0 0
778 1 0 0 0 0
786 2 0 0 0 0
788 8 1 0 0 0
789 8 0 0 0 0
fn=intel_check_word.isra.0
119 162 81 0 0 0
122 81 81 10 0 0
128 36 0 0 0 0
132 12 6 2 0 0
134 3 0 0 0 0
138 42 0 0 0 0
140 48 18 2 0 0
142 15 0 0 0 0
144 30 15 0 0 0
152 30 15 2 0 0
161 13 5 2 0 0
164 30 0 0 0 0
167 24 8 0 0 0
171 16 0 0 0 0
173 36 11 4 0 0
175 14 7 5 0 0
177 8 4 2 0 0
178 14 7 2 0 0
179 10 5 5 0 0
181 3 0 0 0 0
183 6 3 3 0 0
185 9 0 0 0 0
186 12 0 0 0 0
187 9 0 0 0 0
188 15 0 0 0 0
196 5 0 0 0 0
203 24 12 7 0 0
225 12 0 0 0 0
250 12 0 0 0 0
255 36 0 0 0 0
fl=/build/glibc-OTsEL5/glibc-2.27/string/../sysdeps/x86_64/memcmp.S
fn=bcmp
24 2 0 0 0 0
25 2 2 0 0 0
26 2 0 0 0 0
27 2 2 0 0 0
28 2 0 0 0 0
29 2 0 0 0 0
30 2 0 0 0 0
31 2 2 0 0 0
34 2 0 0 0 0
35 2 2 1 0 0
36 1 0 0 0 0
37 1 0 0 0 0
38 1 0 0 0 0
39 1 1 0 0 0
40 1 0 0 0 0
41 1 0 0 0 0
42 1 1 0 0 0
44 2 0 0 0 0
45 2 2 1 0 0
46 1 0 0 0 0
47 1 0 0 0 0
48 1 0 0 0 0
49 1 1 0 0 0
50 1 0 0 0 0
51 1 0 0 0 0
52 1 1 0 0 0
54 2 0 0 0 0
55 2 2 0 0 0
56 2 0 0 0 0
57 2 0 0 0 0
58 2 0 0 0 0
59 2 2 1 0 0
60 1 0 0 0 0
61 1 0 0 0 0
62 1 1 0 0 0
64 1 0 0 0 0
65 1 1 0 0 0
66 1 0 0 0 0
67 1 0 0 0 0
68 1 0 0 0 0
69 1 1 1 0 0
98 2 0 0 0 0
99 2 2 2 0 0
114 2 0 0 0 0
115 2 0 0 0 0
fl=/build/glibc-OTsEL5/glibc-2.27/string/../sysdeps/x86_64/multiarch/../strchr.S
fn=index
24 6 0 0 0 0
25 6 0 0 0 0
26 6 0 0 0 0
27 6 0 0 0 0
28 6 0 0 0 0
29 6 0 0 0 0
30 6 0 0 0 0
31 6 6 0 0 0
32 6 0 0 0 0
33 6 0 0 0 0
34 6 0 0 0 0
35 6 0 0 0 0
36 6 0 0 0 0
37 6 0 0 0 0
38 6 0 0 0 0
39 6 0 0 0 0
40 6 6 2 0 0
41 4 0 0 0 0
45 4 0 0 0 0
46 4 0 0 0 0
47 4 0 0 0 0
48 4 0 0 0 0
50 4 0 0 0 0
54 2 0 0 0 0
55 2 0 0 0 0
56 2 0 0 0 0
57 2 0 0 0 0
58 2 0 0 0 0
59 2 0 0 0 0
60 2 0 0 0 0
61 2 0 0 0 0
62 2 0 0 0 0
63 2 0 0 0 0
64 2 0 0 0 0
65 2 0 0 0 0
66 2 0 0 0 0
67 2 0 0 0 0
68 2 0 0 0 0
69 2 0 0 0 0
70 2 0 0 0 0
71 2 0 0 0 0
72 2 0 0 0 0
73 2 0 0 0 0
74 2 0 0 0 0
75 2 0 0 0 0
76 2 0 0 0 0
77 2 2 2 0 0
129 2 0 0 0 0
133 2 0 0 0 0
134 2 0 0 0 0
135 2 0 0 0 0
136 2 0 0 0 0
138 2 0 0 0 0
fl=/build/glibc-OTsEL5/glibc-2.27/string/../sysdeps/x86_64/multiarch/../strlen.S
fn=strlen
79 14 0 0 0 0
80 14 0 0 0 0
81 14 0 0 0 0
82 14 0 0 0 0
83 14 0 0 0 0
84 14 0 0 0 0
85 14 0 0 0 0
87 14 0 0 0 0
89 14 14 0 0 0
120 14 0 0 0 0
121 14 0 0 0 0
122 14 0 0 0 0
123 14 0 0 0 0
124 14 14 6 0 0
125 8 0 0 0 0
127 8 0 0 0 0
131 6 0 0 0 0
132 6 0 0 0 0
133 6 0 0 0 0
134 6 0 0 0 0
135 6 0 0 0 0
136 6 0 0 0 0
137 6 0 0 0 0
138 6 0 0 0 0
139 6 0 0 0 0
140 6 0 0 0 0
141 6 0 0 0 0
142 6 0 0 0 0
147 48 6 0 0 0
fl=/build/glibc-OTsEL5/glibc-2.27/string/../sysdeps/x86_64/multiarch/ifunc-avx2.h
fn=memchr
30 4 0 0 0 0
32 3 0 0 0 0
fn=memrchr
30 4 0 0 0 0
32 3 0 0 0 0
fn=rawmemchr
30 4 0 0 0 0
32 3 0 0 0 0
fn=rindex
30 4 0 0 0 0
32 3 0 0 0 0
fn=strchrnul
30 4 0 0 0 0
32 3 0 0 0 0
fn=strlen
30 4 0 0 0 0
32 3 0 0 0 0
fn=strnlen
30 8 0 0 0 0
32 6 0 0 0 0
fl=/build/glibc-OTsEL5/glibc-2.27/string/../sysdeps/x86_64/multiarch/ifunc-memcmp.h
fn=bcmp
32 2 1 1 0 0
33 5 0 0 0 0
34 2 1 0 0 0
35 3 1 0 0 0
fl=/build/glibc-OTsEL5/glibc-2.27/string/../sysdeps/x86_64/multiarch/ifunc-memmove.h
fn=memcpy@@GLIBC_2.14
44 5 1 0 0 0
47 2 1 0 0 0
48 2 0 0 0 0
59 2 1 1 0 0
61 5 0 0 0 0
fn=memmove
44 10 2 0 0 0
47 4 2 0 0 0
48 4 0 0 0 0
59 4 2 2 0 0
61 10 0 0 0 0
fn=mempcpy
44 5 1 0 0 0
47 2 1 0 0 0
48 2 0 0 0 0
59 2 1 1 0 0
61 5 0 0 0 0
fl=/build/glibc-OTsEL5/glibc-2.27/string/../sysdeps/x86_64/multiarch/ifunc-memset.h
fn=memset
42 5 1 0 0 0
45 4 1 0 0 0
46 2 0 0 0 0
57 2 1 0 0 0
59 5 0 0 0 0
fl=/build/glibc-OTsEL5/glibc-2.27/string/../sysdeps/x86_64/multiarch/ifunc-sse4_2.h
fn=strcspn
30 5 0 0 0 0
fn=strpbrk
30 5 0 0 0 0
fn=strspn
30 5 0 0 0 0
fl=/build/glibc-OTsEL5/glibc-2.27/string/../sysdeps/x86_64/multiarch/ifunc-strcasecmp.h
fn=strcasecmp
32 5 1 1 0 0
fn=strcasecmp_l
32 5 1 1 0 0
fn=strncasecmp
32 5 1 1 0 0
fn=strncasecmp_l
32 5 1 1 0 0
fl=/build/glibc-OTsEL5/glibc-2.27/string/../sysdeps/x86_64/multiarch/ifunc-unaligned-ssse3.h
fn=stpcpy
33 4 1 0 0 0
36 4 0 0 0 0
fn=stpncpy
33 4 1 0 0 0
36 4 0 0 0 0
fn=strcat
33 4 1 0 0 0
36 4 0 0 0 0
fn=strcpy
33 4 1 0 0 0
36 4 0 0 0 0
fn=strncpy
33 4 1 0 0 0
36 4 0 0 0 0
fl=/build/glibc-OTsEL5/glibc-2.27/string/../sysdeps/x86_64/multiarch/memchr.c
fn=memchr
29 1 0 0 0 0
fl=/build/glibc-OTsEL5/glibc-2.27/string/../sysdeps/x86_64/multiarch/memcmp.c
fn=bcmp
29 1 0 0 0 0
fl=/build/glibc-OTsEL5/glibc-2.27/string/../sysdeps/x86_64/multiarch/memmove-vec-unaligned-erms.S
fn=__memcpy_avx_unaligned_erms
219 2 0 0 0 0
220 2 2 2 0 0
264 2 0 0 0 0
265 2 2 0 0 0
267 2 0 0 0 0
268 2 2 0 0 0
269 2 0 0 0 0
270 2 2 0 0 0
271 2 0 0 0 0
272 2 2 1 0 0
273 1 1 0 0 0
274 1 0 0 0 0
275 1 0 0 0 0
277 1 0 0 0 0
313 1 0 0 0 0
314 1 0 0 0 0
315 1 0 0 0 0
316 1 0 0 0 0
317 1 0 0 0 0
fn=__mempcpy_avx_unaligned_erms
204 2 0 0 0 0
205 2 0 0 0 0
206 2 0 0 0 0
fn=memcpy
129 14 0 0 0 0
131 40 0 0 0 0
132 40 40 21 0 0
133 12 0 0 0 0
134 12 12 4 0 0
139 8 0 0 0 0
140 8 0 0 0 0
141 8 0 0 0 0
142 8 0 0 0 0
147 8 0 0 0 0
267 28 0 0 0 0
268 28 28 19 0 0
269 9 0 0 0 0
270 9 9 6 0 0
271 4 0 0 0 0
272 4 4 2 0 0
273 2 2 1 0 0
274 1 0 0 0 0
275 1 0 0 0 0
277 2 0 0 0 0
299 19 0 0 0 0
300 19 0 0 0 0
301 19 0 0 0 0
302 19 0 0 0 0
303 19 0 0 0 0
306 5 0 0 0 0
307 5 0 0 0 0
308 5 0 0 0 0
309 5 0 0 0 0
310 5 0 0 0 0
313 2 0 0 0 0
314 2 0 0 0 0
315 2 0 0 0 0
316 2 0 0 0 0
317 2 0 0 0 0
327 4 0 0 0 0
328 4 4 0 0 0
329 4 0 0 0 0
330 4 4 4 0 0
352 4 0 0 0 0
353 4 0 0 0 0
354 4 0 0 0 0
355 4 0 0 0 0
356 4 0 0 0 0
357 4 0 0 0 0
358 4 0 0 0 0
359 4 0 0 0 0
361 4 0 0 0 0
fn=mempcpy
116 26 0 0 0 0
117 26 0 0 0 0
118 26 0 0 0 0
fl=/build/glibc-OTsEL5/glibc-2.27/string/../sysdeps/x86_64/multiarch/memrchr.c
fn=memrchr
29 1 0 0 0 0
fl=/build/glibc-OTsEL5/glibc-2.27/string/../sysdeps/x86_64/multiarch/memset-vec-unaligned-erms.S
fn=memset
109 65 0 0 0 0
111 13 0 0 0 0
112 13 13 7 0 0
113 6 0 0 0 0
114 6 6 2 0 0
116 4 0 0 0 0
117 4 0 0 0 0
119 4 0 0 0 0
174 2 0 0 0 0
175 2 2 2 0 0
185 2 0 0 0 0
186 2 0 0 0 0
187 2 0 0 0 0
188 2 0 0 0 0
189 2 0 0 0 0
190 2 0 0 0 0
191 2 0 0 0 0
192 2 0 0 0 0
193 2 0 0 0 0
194 2 0 0 0 0
195 2 0 0 0 0
196 2 0 0 0 0
197 2 0 0 0 0
198 2 2 0 0 0
200 31 0 0 0 0
201 31 0 0 0 0
202 31 0 0 0 0
203 31 0 0 0 0
204 31 0 0 0 0
205 31 0 0 0 0
206 31 31 10 0 0
207 2 0 0 0 0
222 7 0 0 0 0
223 7 0 0 0 0
224 7 7 1 0 0
225 6 0 0 0 0
226 6 6 4 0 0
227 2 0 0 0 0
228 2 2 2 0 0
252 1 0 0 0 0
253 1 0 0 0 0
255 1 0 0 0 0
258 4 0 0 0 0
259 4 0 0 0 0
261 4 0 0 0 0
264 2 0 0 0 0
265 2 0 0 0 0
267 2 0 0 0 0
fl=/build/glibc-OTsEL5/glibc-2.27/string/../sysdeps/x86_64/multiarch/rawmemchr.c
fn=rawmemchr
31 1 0 0 0 0
fl=/build/glibc-OTsEL5/glibc-2.27/string/../sysdeps/x86_64/multiarch/stpcpy.c
fn=stpcpy
33 1 0 0 0 0
fl=/build/glibc-OTsEL5/glibc-2.27/string/../sysdeps/x86_64/multiarch/stpncpy.c
fn=stpncpy
31 1 0 0 0 0
fl=/build/glibc-OTsEL5/glibc-2.27/string/../sysdeps/x86_64/multiarch/strcasecmp.c
fn=strcasecmp
31 1 0 0 0 0
fl=/build/glibc-OTsEL5/glibc-2.27/string/../sysdeps/x86_64/multiarch/strcasecmp_l.c
fn=strcasecmp_l
31 1 0 0 0 0
fl=/build/glibc-OTsEL5/glibc-2.27/string/../sysdeps/x86_64/multiarch/strcat.c
fn=strcat
29 1 0 0 0 0
fl=/build/glibc-OTsEL5/glibc-2.27/string/../sysdeps/x86_64/multiarch/strchr-avx2.S
fn=__strchrnul_avx2
45 2 0 0 0 0
47 2 0 0 0 0
48 2 0 0 0 0
49 2 0 0 0 0
51 2 0 0 0 0
52 2 0 0 0 0
53 2 2 1 0 0
57 1 0 0 0 0
58 1 0 0 0 0
59 1 0 0 0 0
60 1 0 0 0 0
61 1 0 0 0 0
62 1 0 0 0 0
63 1 1 1 0 0
74 1 0 0 0 0
75 1 0 0 0 0
76 1 0 0 0 0
77 1 0 0 0 0
78 1 0 0 0 0
79 1 0 0 0 0
80 1 0 0 0 0
82 1 0 0 0 0
83 1 0 0 0 0
84 1 1 0 0 0
86 1 0 0 0 0
87 1 0 0 0 0
89 1 0 0 0 0
96 1 0 0 0 0
97 1 0 0 0 0
184 1 0 0 0 0
186 1 0 0 0 0
193 1 0 0 0 0
194 1 0 0 0 0
fl=/build/glibc-OTsEL5/glibc-2.27/string/../sysdeps/x86_64/multiarch/strchr.c
fn=index
38 3 1 1 0 0
40 4 0 0 0 0
49 1 0 0 0 0
fl=/build/glibc-OTsEL5/glibc-2.27/string/../sysdeps/x86_64/multiarch/strchrnul.c
fn=strchrnul
31 1 0 0 0 0
fl=/build/glibc-OTsEL5/glibc-2.27/string/../sysdeps/x86_64/multiarch/strcmp.c
fn=strcmp
38 4 1 0 0 0
41 4 0 0 0 0
47 1 0 0 0 0
fl=/build/glibc-OTsEL5/glibc-2.27/string/../sysdeps/x86_64/multiarch/strcpy.c
fn=strcpy
29 1 0 0 0 0
fl=/build/glibc-OTsEL5/glibc-2.27/string/../sysdeps/x86_64/multiarch/strcspn.c
fn=strcspn
29 1 0 0 0 0
fl=/build/glibc-OTsEL5/glibc-2.27/string/../sysdeps/x86_64/multiarch/strlen-avx2.S
fn=__strlen_avx2
52 1 0 0 0 0
53 1 0 0 0 0
54 1 0 0 0 0
57 1 0 0 0 0
58 1 0 0 0 0
59 1 1 0 0 0
62 1 0 0 0 0
63 1 0 0 0 0
64 1 0 0 0 0
72 1 1 1 0 0
332 1 0 0 0 0
333 1 0 0 0 0
334 1 0 0 0 0
338 1 0 0 0 0
339 1 0 0 0 0
fl=/build/glibc-OTsEL5/glibc-2.27/string/../sysdeps/x86_64/multiarch/strlen.c
fn=strlen
29 1 0 0 0 0
fl=/build/glibc-OTsEL5/glibc-2.27/string/../sysdeps/x86_64/multiarch/strncase.c
fn=strncasecmp
31 1 0 0 0 0
fl=/build/glibc-OTsEL5/glibc-2.27/string/../sysdeps/x86_64/multiarch/strncase_l.c
fn=strncasecmp_l
31 1 0 0 0 0
fl=/build/glibc-OTsEL5/glibc-2.27/string/../sysdeps/x86_64/multiarch/strncmp.c
fn=strncmp
38 4 1 0 0 0
39 3 1 1 0 0
48 1 0 0 0 0
fl=/build/glibc-OTsEL5/glibc-2.27/string/../sysdeps/x86_64/multiarch/strncpy.c
fn=strncpy
29 1 0 0 0 0
fl=/build/glibc-OTsEL5/glibc-2.27/string/../sysdeps/x86_64/multiarch/strnlen.c
fn=strnlen
31 2 0 0 0 0
fl=/build/glibc-OTsEL5/glibc-2.27/string/../sysdeps/x86_64/multiarch/strpbrk.c
fn=strpbrk
29 1 0 0 0 0
fl=/build/glibc-OTsEL5/glibc-2.27/string/../sysdeps/x86_64/multiarch/strrchr-avx2.S
fn=__strrchr_avx2
43 1 0 0 0 0
44 1 0 0 0 0
46 1 0 0 0 0
47 1 0 0 0 0
50 1 0 0 0 0
51 1 0 0 0 0
52 1 1 1 0 0
85 1 0 0 0 0
86 1 0 0 0 0
87 1 0 0 0 0
88 1 0 0 0 0
89 1 0 0 0 0
90 1 0 0 0 0
91 1 0 0 0 0
92 1 0 0 0 0
93 1 0 0 0 0
94 1 0 0 0 0
97 1 0 0 0 0
98 1 1 0 0 0
100 1 0 0 0 0
101 1 1 0 0 0
103 1 0 0 0 0
116 1 0 0 0 0
117 1 0 0 0 0
118 1 0 0 0 0
119 1 0 0 0 0
120 1 0 0 0 0
121 1 0 0 0 0
122 1 0 0 0 0
123 1 1 1 0 0
155 1 0 0 0 0
156 1 1 1 0 0
175 1 0 0 0 0
176 1 0 0 0 0
177 1 1 1 0 0
192 1 0 0 0 0
193 1 0 0 0 0
194 1 0 0 0 0
195 1 0 0 0 0
196 1 0 0 0 0
198 1 1 0 0 0
199 1 0 0 0 0
200 1 0 0 0 0
201 1 0 0 0 0
202 1 0 0 0 0
fl=/build/glibc-OTsEL5/glibc-2.27/string/../sysdeps/x86_64/multiarch/strrchr.c
fn=rindex
28 1 0 0 0 0
fl=/build/glibc-OTsEL5/glibc-2.27/string/../sysdeps/x86_64/multiarch/strspn.c
fn=strspn
29 1 0 0 0 0
fl=/build/glibc-OTsEL5/glibc-2.27/string/../sysdeps/x86_64/strcmp.S
fn=strcmp
144 223 0 0 0 0
145 223 0 0 0 0
147 223 0 0 0 0
148 223 0 0 0 0
169 223 0 0 0 0
170 223 223 16 0 0
171 145 0 0 0 0
172 145 145 34 0 0
173 76 0 0 0 0
174 76 0 0 0 0
175 76 0 0 0 0
176 76 0 0 0 0
197 76 0 0 0 0
198 76 0 0 0 0
199 76 0 0 0 0
200 76 0 0 0 0
201 76 0 0 0 0
202 76 0 0 0 0
203 76 76 21 0 0
208 5 0 0 0 0
209 5 0 0 0 0
218 152 0 0 0 0
219 152 0 0 0 0
220 152 0 0 0 0
221 152 0 0 0 0
222 152 0 0 0 0
223 152 0 0 0 0
224 152 0 0 0 0
225 152 152 4 0 0
226 86 86 18 0 0
227 65 0 0 0 0
228 65 0 0 0 0
229 65 0 0 0 0
231 86 0 0 0 0
232 86 0 0 0 0
233 86 0 0 0 0
234 86 0 0 0 0
235 86 0 0 0 0
236 86 0 0 86 42
246 66 0 0 0 0
247 66 0 0 0 0
248 66 0 0 0 0
250 66 0 0 0 0
256 66 0 0 0 0
257 66 0 0 0 0
258 66 0 0 0 0
259 66 0 0 0 0
260 66 0 0 0 0
265 66 66 2 0 0
267 64 0 0 0 0
268 64 0 0 0 0
269 128 0 0 0 0
277 64 0 0 0 0
278 64 0 0 0 0
281 64 0 0 0 0
282 64 0 0 0 0
283 64 0 0 0 0
284 64 0 0 0 0
285 64 0 0 0 0
286 64 64 2 0 0
946 2 0 0 0 0
947 2 0 0 0 0
948 2 0 0 0 0
949 2 0 0 0 0
950 2 0 0 0 0
952 2 0 0 0 0
953 2 0 0 0 0
954 2 0 0 0 0
955 2 0 0 0 0
956 2 0 0 0 0
957 2 0 0 0 0
958 2 2 1 0 0
959 1 0 0 0 0
963 1 0 0 0 0
964 1 0 0 0 0
965 1 0 0 0 0
971 1 0 0 0 0
972 1 0 0 0 0
973 2 0 0 0 0
977 1 0 0 0 0
978 1 1 0 0 0
981 1 0 0 0 0
982 1 0 0 0 0
983 1 0 0 0 0
986 1 0 0 0 0
987 1 0 0 0 0
988 1 0 0 0 0
994 1 0 0 0 0
995 1 0 0 0 0
996 1 0 0 0 0
997 1 0 0 0 0
998 1 0 0 0 0
999 1 1 1 0 0
1071 5 0 0 0 0
1072 5 0 0 0 0
1073 5 0 0 0 0
1074 5 0 0 0 0
1075 5 0 0 0 0
1077 5 0 0 0 0
1078 5 0 0 0 0
1079 5 0 0 0 0
1080 5 0 0 0 0
1081 5 0 0 0 0
1082 5 0 0 0 0
1083 5 5 3 0 0
1084 2 0 0 0 0
1088 2 0 0 0 0
1089 2 0 0 0 0
1090 2 0 0 0 0
1096 2 0 0 0 0
1097 2 0 0 0 0
1098 4 0 0 0 0
1102 2 0 0 0 0
1103 2 2 0 0 0
1106 2 0 0 0 0
1107 2 0 0 0 0
1108 2 0 0 0 0
1111 2 0 0 0 0
1112 2 0 0 0 0
1113 2 0 0 0 0
1119 2 0 0 0 0
1120 2 0 0 0 0
1121 2 0 0 0 0
1122 2 0 0 0 0
1123 2 0 0 0 0
1124 2 2 1 0 0
1196 3 0 0 0 0
1197 3 0 0 0 0
1198 3 0 0 0 0
1199 3 0 0 0 0
1200 3 0 0 0 0
1202 3 0 0 0 0
1203 3 0 0 0 0
1204 3 0 0 0 0
1205 3 0 0 0 0
1206 3 0 0 0 0
1207 3 0 0 0 0
1208 3 3 2 0 0
1209 1 0 0 0 0
1213 1 0 0 0 0
1214 1 0 0 0 0
1215 1 0 0 0 0
1221 1 0 0 0 0
1222 1 0 0 0 0
1223 2 0 0 0 0
1227 1 0 0 0 0
1228 1 1 0 0 0
1231 1 0 0 0 0
1232 1 0 0 0 0
1233 1 0 0 0 0
1236 1 0 0 0 0
1237 1 0 0 0 0
1238 1 0 0 0 0
1244 1 0 0 0 0
1245 1 0 0 0 0
1246 1 0 0 0 0
1247 1 0 0 0 0
1248 1 0 0 0 0
1249 1 1 1 0 0
1321 4 0 0 0 0
1322 4 0 0 0 0
1323 4 0 0 0 0
1324 4 0 0 0 0
1325 4 0 0 0 0
1327 4 0 0 0 0
1328 4 0 0 0 0
1329 4 0 0 0 0
1330 4 0 0 0 0
1331 4 0 0 0 0
1332 4 0 0 0 0
1333 4 4 4 0 0
1334 1 0 0 0 0
1338 1 0 0 0 0
1339 1 0 0 0 0
1340 1 0 0 0 0
1346 1 0 0 0 0
1347 1 0 0 0 0
1348 2 0 0 0 0
1352 1 0 0 0 0
1353 1 1 0 0 0
1356 1 0 0 0 0
1357 1 0 0 0 0
1358 1 0 0 0 0
1361 1 0 0 0 0
1362 1 0 0 0 0
1363 1 0 0 0 0
1369 1 0 0 0 0
1370 1 0 0 0 0
1371 1 0 0 0 0
1372 1 0 0 0 0
1373 1 0 0 0 0
1374 1 1 1 0 0
1696 3 0 0 0 0
1697 3 0 0 0 0
1698 3 0 0 0 0
1699 3 0 0 0 0
1700 3 0 0 0 0
1702 3 0 0 0 0
1703 3 0 0 0 0
1704 3 0 0 0 0
1705 3 0 0 0 0
1706 3 0 0 0 0
1707 3 0 0 0 0
1708 3 3 2 0 0
1709 1 0 0 0 0
1713 1 0 0 0 0
1714 1 0 0 0 0
1715 1 0 0 0 0
1721 1 0 0 0 0
1722 1 0 0 0 0
1723 2 0 0 0 0
1727 1 0 0 0 0
1728 1 1 0 0 0
1731 1 0 0 0 0
1732 1 0 0 0 0
1733 1 0 0 0 0
1736 1 0 0 0 0
1737 1 0 0 0 0
1738 1 0 0 0 0
1744 1 0 0 0 0
1745 1 0 0 0 0
1746 1 0 0 0 0
1747 1 0 0 0 0
1748 1 0 0 0 0
1749 1 1 0 0 0
1756 1 0 0 0 0
1757 1 0 0 0 0
1759 1 0 0 0 0
1760 1 1 0 0 0
1762 1 0 0 0 0
1763 1 0 0 0 0
1764 1 0 0 0 0
1767 1 0 0 0 0
1768 1 0 0 0 0
1769 1 0 0 0 0
1775 1 0 0 0 0
1776 1 0 0 0 0
1777 1 0 0 0 0
1778 1 0 0 0 0
1779 1 0 0 0 0
1780 1 1 1 0 0
1821 5 0 0 0 0
1822 5 0 0 0 0
1823 5 0 0 0 0
1824 5 0 0 0 0
1825 5 0 0 0 0
1827 5 0 0 0 0
1828 5 0 0 0 0
1829 5 0 0 0 0
1830 5 0 0 0 0
1831 5 0 0 0 0
1832 5 0 0 0 0
1833 5 5 3 0 0
1834 5 0 0 0 0
1838 5 0 0 0 0
1839 5 0 0 0 0
1840 5 0 0 0 0
1846 5 0 0 0 0
1847 5 0 0 0 0
1848 10 0 0 0 0
1852 5 0 0 0 0
1853 5 5 0 0 0
1856 5 0 0 0 0
1857 5 0 0 0 0
1858 5 0 0 0 0
1861 5 0 0 0 0
1862 5 0 0 0 0
1863 5 0 0 0 0
1869 5 0 0 0 0
1870 5 0 0 0 0
1871 5 0 0 0 0
1872 5 0 0 0 0
1873 5 0 0 0 0
1874 5 5 4 0 0
1946 15 0 0 0 0
1947 15 0 0 0 0
1948 15 0 0 0 0
1949 15 0 0 0 0
1950 15 0 0 0 0
1952 15 0 0 0 0
1953 15 0 0 0 0
1954 15 0 0 0 0
1955 15 0 0 0 0
1956 15 0 0 0 0
1957 15 0 0 0 0
1958 15 15 4 0 0
1959 11 0 0 0 0
1963 11 0 0 0 0
1964 11 0 0 0 0
1965 11 0 0 0 0
1971 11 0 0 0 0
1972 11 0 0 0 0
1973 22 0 0 0 0
1977 11 0 0 0 0
1978 11 11 0 0 0
1981 11 0 0 0 0
1982 11 0 0 0 0
1983 11 0 0 0 0
1986 11 0 0 0 0
1987 11 0 0 0 0
1988 11 0 0 0 0
1994 11 0 0 0 0
1995 11 0 0 0 0
1996 11 0 0 0 0
1997 11 0 0 0 0
1998 11 0 0 0 0
1999 11 11 4 0 0
2071 49 0 0 0 0
2072 49 0 0 0 0
2073 49 0 0 0 0
2074 49 0 0 0 0
2075 49 0 0 0 0
2077 49 0 0 0 0
2078 49 0 0 0 0
2079 49 0 0 0 0
2080 49 0 0 0 0
2081 49 0 0 0 0
2082 49 0 0 0 0
2083 49 49 11 0 0
2085 1 0 0 0 0
2089 1 0 0 0 0
2090 1 0 0 0 0
2091 1 0 0 0 0
2097 1 0 0 0 0
2098 1 0 0 0 0
2100 2 0 0 0 0
2104 1 0 0 0 0
2105 1 1 0 0 0
2108 1 0 0 0 0
2109 1 0 0 0 0
2110 1 0 0 0 0
2113 1 0 0 0 0
2114 1 0 0 0 0
2115 1 0 0 0 0
2121 1 0 0 0 0
2122 1 0 0 0 0
2123 1 0 0 0 0
2124 1 0 0 0 0
2125 1 0 0 0 0
2126 1 1 1 0 0
2200 87 0 0 0 0
2202 152 0 0 0 0
2203 152 0 0 0 0
2204 152 0 0 0 0
2205 152 152 25 0 0
2206 195 0 0 0 0
2211 223 0 0 0 0
2217 223 0 0 0 0
2218 223 0 0 0 0
2226 223 0 0 0 0
2227 223 0 0 0 0
fl=/build/glibc-OTsEL5/glibc-2.27/string/../sysdeps/x86_64/strcspn.S
fn=strcspn
30 1 0 0 0 0
37 1 0 0 0 0
38 1 0 0 0 0
40 1 0 0 0 0
41 1 0 0 0 0
42 1 0 0 0 0
43 1 0 0 0 0
44 33 32 10 0 0
47 2 0 0 0 0
54 1 0 0 0 0
55 1 0 0 0 0
56 1 1 0 0 0
57 1 0 0 0 0
59 1 0 0 0 0
60 1 0 0 0 0
61 1 1 0 0 0
62 1 0 0 0 0
64 1 0 0 0 0
65 1 0 0 0 0
66 1 1 1 0 0
75 3 0 0 0 0
87 12 0 0 0 0
89 12 0 0 0 0
90 12 0 0 0 0
91 12 12 0 0 0
93 12 0 0 0 0
94 12 0 0 0 0
95 12 12 0 0 0
97 12 0 0 0 0
98 12 0 0 0 0
99 12 12 0 0 0
101 12 0 0 0 0
102 12 0 0 0 0
103 12 12 3 0 0
105 1 0 0 0 0
106 1 0 0 0 0
107 1 0 0 0 0
109 1 0 0 0 0
116 1 0 0 0 0
120 1 0 0 0 0
fl=/build/glibc-OTsEL5/glibc-2.27/string/strdup.c
fn=strdup
40 12 0 0 0 0
41 6 0 0 0 0
42 6 0 0 0 0
44 6 3 0 0 0
47 12 0 0 0 0
48 9 0 0 0 0
fl=/build/glibc-OTsEL5/glibc-2.27/time/../sysdeps/generic/dl-hash.h
fn=gettimeofday
43 2 0 0 0 0
44 2 0 0 0 0
45 26 8 6 0 0
48 24 0 0 0 0
62 32 0 0 0 0
67 2 0 0 0 0
fn=time
44 1 0 0 0 0
45 13 4 3 0 0
48 12 0 0 0 0
62 16 0 0 0 0
67 1 0 0 0 0
fl=/build/glibc-OTsEL5/glibc-2.27/time/../sysdeps/unix/sysv/linux/x86/gettimeofday.c
fn=__gettimeofday_syscall
29 8 2 0 0 0
30 2 0 0 0 0
fn=gettimeofday
42 32 2 0 0 0
fl=/build/glibc-OTsEL5/glibc-2.27/time/../sysdeps/unix/sysv/linux/x86/time.c
fn=time
43 17 1 0 0 0
fl=/build/glibc-OTsEL5/glibc-2.27/wcsmbs/../sysdeps/x86_64/multiarch/ifunc-avx2.h
fn=wcschr
30 8 0 0 0 0
32 6 0 0 0 0
fn=wcslen
30 4 0 0 0 0
32 3 0 0 0 0
fn=wmemchr
30 8 0 0 0 0
32 6 0 0 0 0
fl=/build/glibc-OTsEL5/glibc-2.27/wcsmbs/../sysdeps/x86_64/multiarch/ifunc-wmemset.h
fn=wmemset
30 6 2 2 0 0
32 8 0 0 0 0
34 8 0 0 0 0
35 2 0 0 0 0
fl=/build/glibc-OTsEL5/glibc-2.27/wcsmbs/../sysdeps/x86_64/multiarch/wcschr.c
fn=wcschr
31 2 0 0 0 0
fl=/build/glibc-OTsEL5/glibc-2.27/wcsmbs/../sysdeps/x86_64/multiarch/wcslen.c
fn=wcslen
29 1 0 0 0 0
fl=/build/glibc-OTsEL5/glibc-2.27/wcsmbs/../sysdeps/x86_64/multiarch/wcsnlen.c
fn=wcsnlen
38 3 1 1 0 0
40 3 0 0 0 0
49 1 0 0 0 0
fl=/build/glibc-OTsEL5/glibc-2.27/wcsmbs/../sysdeps/x86_64/multiarch/wmemchr.c
fn=wmemchr
31 2 0 0 0 0
fl=/build/glibc-OTsEL5/glibc-2.27/wcsmbs/../sysdeps/x86_64/multiarch/wmemset.c
fn=wmemset
31 2 0 0 0 0
fl=/home/nils/Documents/Hpp/IndividualProject/helpfncs.c
fn=swap
5 2032 0 0 0 0
6 1524 0 0 0 0
7 2032 0 0 0 0
8 1524 0 0 0 0
9 1524 0 0 0 0
fl=/home/nils/Documents/Hpp/IndividualProject/quicksort.c
fn=main
51 5 0 0 0 0
53 2 1 1 0 0
57 6 0 0 0 0
58 6 0 0 0 0
59 6 0 0 0 0
60 405 101 8 0 0
62 1500 0 0 0 0
64 3 0 0 0 0
65 6 0 0 0 0
66 3 0 0 0 0
67 14 0 0 0 0
76 6 0 0 0 0
77 3 0 0 0 0
80 1 0 0 0 0
81 2 0 0 0 0
fn=partition
12 420 0 0 0 0
13 490 0 0 0 0
14 210 0 0 0 0
15 3044 726 152 0 0
17 5248 656 184 0 0
18 438 0 0 0 0
19 5694 0 0 0 0
22 70 0 0 0 0
23 910 0 0 0 0
25 70 0 0 0 0
26 140 0 0 0 0
fn=quickSort
29 846 0 0 0 0
31 423 141 52 0 0
32 490 0 0 0 0
33 560 0 0 0 0
34 560 0 0 0 0
36 423 0 0 0 0
fl=???
fn=???
0 282 10 6 166 23
fn=__libc_csu_init
0 34 2 0 1 1
fn=_start
0 11 0 0 1 1
summary: 236399 43851 5775 512 166
