desc: I1 cache:         32768 B, 64 B, 8-way associative
desc: D1 cache:         32768 B, 64 B, 8-way associative
desc: LL cache:         6291456 B, 64 B, 12-way associative
cmd: ./ompquicksort 1000000 500 8
events: Ir Bc Bcm Bi Bim
fl=/build/glibc-OTsEL5/glibc-2.27/csu/../csu/init-first.c
fn=_init
52 8 0 0 0 0
55 4 1 1 0 0
62 5 1 1 0 0
67 1 0 0 0 0
68 1 0 0 0 0
69 2 0 0 0 0
81 4 0 0 0 0
84 1 0 0 0 0
89 6 0 0 0 0
fl=/build/glibc-OTsEL5/glibc-2.27/csu/../csu/libc-start.c
fn=(below main)
137 10 0 0 0 0
141 4 1 1 0 0
239 2 1 0 0 0
240 4 0 0 0 0
262 4 1 0 0 0
265 2 1 0 0 0
266 5 0 0 1 1
270 4 1 0 0 0
285 2 1 0 0 0
297 2 0 0 0 0
298 2 1 0 0 0
303 2 0 0 0 0
304 2 0 0 0 0
307 2 0 0 0 0
310 6 0 0 1 1
344 2 0 0 0 0
fl=/build/glibc-OTsEL5/glibc-2.27/csu/../sysdeps/generic/dl-hash.h
fn=_init
43 1 0 0 0 0
44 1 0 0 0 0
45 13 4 3 0 0
48 12 0 0 0 0
62 16 0 0 0 0
67 1 0 0 0 0
fl=/build/glibc-OTsEL5/glibc-2.27/csu/../sysdeps/unix/sysv/linux/x86_64/init-first.c
fn=_init
36 7 1 0 0 0
38 4 0 0 0 0
40 3 0 0 0 0
41 2 0 0 0 0
42 1 0 0 0 0
44 3 0 0 0 0
45 2 0 0 0 0
46 1 0 0 0 0
fl=/build/glibc-OTsEL5/glibc-2.27/ctype/ctype-info.c
fn=__ctype_init
31 56 0 0 0 0
33 32 0 0 0 0
35 32 0 0 0 0
36 8 0 0 0 0
fl=/build/glibc-OTsEL5/glibc-2.27/debug/../libio/libioP.h
fn=__printf_chk
805 1 0 0 0 0
806 2 1 0 0 0
807 9 4 0 0 0
fl=/build/glibc-OTsEL5/glibc-2.27/debug/printf_chk.c
fn=__printf_chk
26 23 1 0 0 0
30 18 4 1 0 0
31 2 1 0 0 0
32 2 0 0 0 0
34 6 0 0 0 0
35 5 0 0 0 0
38 2 1 0 0 0
39 2 0 0 0 0
43 9 1 1 0 0
fl=/build/glibc-OTsEL5/glibc-2.27/dirent/../sysdeps/posix/closedir.c
fn=closedir
31 1 0 0 0 0
34 2 1 0 0 0
44 1 0 0 0 0
50 1 0 0 0 0
52 2 0 0 0 0
53 1 0 0 0 0
fl=/build/glibc-OTsEL5/glibc-2.27/dirent/../sysdeps/posix/opendir.c
fn=opendir
91 2 1 0 0 0
119 2 1 0 0 0
126 6 1 0 0 0
128 4 1 0 0 0
171 8 0 0 0 0
190 3 0 0 0 0
191 10 1 0 0 0
212 6 0 0 0 0
216 3 0 0 0 0
217 2 1 0 0 0
235 1 0 0 0 0
237 1 0 0 0 0
239 1 0 0 0 0
240 1 0 0 0 0
241 1 0 0 0 0
242 1 0 0 0 0
243 1 0 0 0 0
fl=/build/glibc-OTsEL5/glibc-2.27/dirent/../sysdeps/posix/readdir.c
fn=readdir
39 162 0 0 0 0
41 54 0 0 0 0
44 216 54 22 0 0
51 81 27 10 0 0
65 62 0 0 0 0
66 4 2 1 0 0
71 1 1 0 0 0
76 1 0 0 0 0
77 1 0 0 0 0
80 4 0 0 0 0
86 26 0 0 0 0
89 26 0 0 0 0
102 52 0 0 0 0
105 52 0 0 0 0
111 52 26 12 0 0
114 108 54 18 0 0
118 189 0 0 0 0
fl=/build/glibc-OTsEL5/glibc-2.27/dirent/../sysdeps/unix/sysv/linux/getdents.c
fn=__getdents
80 16 0 0 0 0
95 10 2 0 0 0
107 59 28 11 0 0
109 52 0 0 0 0
110 104 0 0 0 0
111 78 0 0 0 0
112 26 0 0 0 0
114 26 0 0 0 0
271 18 0 0 0 0
fl=/build/glibc-OTsEL5/glibc-2.27/dlfcn/dlerror.c
fn=check_free
186 5 0 0 0 0
187 3 1 0 0 0
202 6 1 0 0 0
fn=fini
209 2 0 0 0 0
fl=/build/glibc-OTsEL5/glibc-2.27/dlfcn/dlfcn.c
fn=init
29 1 0 0 0 0
30 1 0 0 0 0
31 1 0 0 0 0
fl=/build/glibc-OTsEL5/glibc-2.27/elf/../elf/dl-runtime.c
fn=_dl_fixup
66 93 0 0 0 0
68 31 0 0 0 0
69 62 0 0 0 0
72 155 0 0 0 0
73 217 0 0 0 0
75 93 0 0 0 0
80 62 31 0 0 0
84 62 31 0 0 0
88 93 31 0 0 0
92 62 0 0 0 0
93 124 0 0 0 0
95 155 0 0 0 0
101 31 0 0 0 0
102 93 31 6 0 0
104 5 0 0 0 0
105 10 0 0 0 0
112 310 0 0 0 0
116 155 31 2 0 0
117 20 10 0 0 0
126 217 62 0 0 0
134 31 0 0 0 0
142 124 31 5 0 0
146 93 31 0 0 0
150 93 0 0 0 0
fl=/build/glibc-OTsEL5/glibc-2.27/elf/../elf/dl-sysdep.c
fn=_dl_sysdep_start
88 8 0 0 0 0
89 10 0 0 0 0
90 1 0 0 0 0
112 1 0 0 0 0
113 216 69 10 0 0
116 2 0 0 0 0
117 1 0 0 0 0
119 126 30 16 0 0
120 110 19 2 17 13
123 1 0 0 0 0
126 1 0 0 0 0
129 1 0 0 0 0
130 1 0 0 0 0
132 1 0 0 0 0
133 1 0 0 0 0
153 1 0 0 0 0
154 1 0 0 0 0
156 1 0 0 0 0
157 1 0 0 0 0
159 2 0 0 0 0
160 1 0 0 0 0
165 2 0 0 0 0
166 1 0 0 0 0
181 2 0 0 0 0
182 1 0 0 0 0
224 1 0 0 0 0
235 2 1 0 0 0
236 2 0 0 0 0
238 5 1 0 0 0
250 3 1 0 0 0
253 5 0 0 1 1
254 1 0 0 0 0
255 8 0 0 0 0
fn=_dl_sysdep_start_cleanup
260 1 0 0 0 0
fl=/build/glibc-OTsEL5/glibc-2.27/elf/../elf/dl-tls.c
fn=_dl_add_to_slotinfo
887 8 0 0 0 0
893 4 0 0 0 0
896 2 0 0 0 0
901 14 2 1 0 0
942 2 0 0 0 0
943 2 0 0 0 0
944 8 0 0 0 0
fn=_dl_allocate_tls
285 14 0 0 0 0
286 21 0 0 0 0
287 14 7 0 0 0
290 7 0 0 0 0
296 14 0 0 0 0
529 21 0 0 0 0
530 35 7 0 0 0
533 21 0 0 0 0
fn=_dl_allocate_tls_init
437 72 0 0 0 0
438 16 8 0 0 0
442 16 0 0 0 0
444 16 0 0 0 0
445 8 0 0 0 0
448 24 8 2 0 0
460 16 0 0 0 0
465 104 24 3 0 0
471 144 24 2 0 0
474 16 0 0 0 0
475 32 16 0 0 0
481 48 16 0 0 0
482 32 0 0 0 0
484 88 0 0 0 0
485 16 0 0 0 0
487 32 16 0 0 0
488 32 0 0 0 0
491 32 16 0 0 0
492 64 16 0 0 0
494 32 16 2 0 0
495 32 0 0 0 0
504 16 0 0 0 0
507 240 0 0 0 0
517 8 0 0 0 0
521 24 0 0 0 0
524 64 0 0 0 0
fn=_dl_allocate_tls_storage
285 2 0 0 0 0
286 3 0 0 0 0
287 2 1 0 0 0
290 1 0 0 0 0
296 2 0 0 0 0
332 3 0 0 0 0
334 1 0 0 0 0
345 1 0 0 0 0
346 2 0 0 0 0
347 3 1 0 0 0
355 4 0 0 0 0
356 1 0 0 0 0
360 297 288 10 0 0
379 1 0 0 0 0
385 5 0 0 0 0
fn=_dl_count_modids
113 2 1 0 0 0
114 2 0 0 0 0
fn=_dl_determine_tlsoffset
135 5 0 0 0 0
136 2 0 0 0 0
137 1 0 0 0 0
138 1 0 0 0 0
141 3 1 0 0 0
144 2 1 0 0 0
178 1 0 0 0 0
180 18 3 0 0 0
182 6 2 0 0 0
184 6 0 0 0 0
185 4 0 0 0 0
187 4 0 0 0 0
189 10 2 2 0 0
205 16 0 0 0 0
207 4 2 2 0 0
208 4 0 0 0 0
217 2 0 0 0 0
220 1 0 0 0 0
221 1 0 0 0 0
272 1 0 0 0 0
273 6 0 0 0 0
fn=_dl_get_tls_static_info
309 2 0 0 0 0
310 2 0 0 0 0
311 1 0 0 0 0
fn=_dl_next_tls_modid
51 8 2 0 0 0
99 2 0 0 0 0
103 2 0 0 0 0
fl=/build/glibc-OTsEL5/glibc-2.27/elf/../misc/sbrk.c
fn=sbrk
32 4 0 0 0 0
40 6 2 1 0 0
44 2 1 1 0 0
60 5 0 0 0 0
fl=/build/glibc-OTsEL5/glibc-2.27/elf/../sysdeps/generic/ldsodefs.h
fn=_dl_relocate_object
102 390 0 0 0 0
fn=do_lookup_x
102 426 0 0 0 0
fl=/build/glibc-OTsEL5/glibc-2.27/elf/../sysdeps/posix/dl-fileid.h
fn=_dl_map_object_from_fd
37 30 5 0 0 0
40 5 0 0 0 0
41 10 0 0 0 0
49 70 30 8 0 0
fl=/build/glibc-OTsEL5/glibc-2.27/elf/../sysdeps/unix/sysv/linux/dl-osinfo.h
fn=dl_main
64 2 0 0 0 0
77 1 0 0 0 0
fl=/build/glibc-OTsEL5/glibc-2.27/elf/../sysdeps/unix/sysv/linux/dl-sysdep.c
fn=_dl_discover_osversion
45 4 0 0 0 0
47 3 1 1 0 0
87 5 1 0 0 0
102 1 0 0 0 0
106 1 0 0 0 0
107 1 0 0 0 0
109 12 3 0 0 0
111 6 0 0 0 0
113 17 4 2 0 0
115 1 0 0 0 0
116 2 0 0 0 0
119 3 0 0 0 0
120 3 0 0 0 0
121 3 0 0 0 0
123 13 5 3 0 0
128 2 1 1 0 0
132 5 0 0 0 0
fn=_dl_sysdep_start
35 2 0 0 0 0
fl=/build/glibc-OTsEL5/glibc-2.27/elf/../sysdeps/unix/sysv/linux/dl-vdso.c
fn=_dl_vdso_vsym
25 25 0 0 0 0
26 10 0 0 0 0
27 5 0 0 0 0
30 10 5 5 0 0
47 5 0 0 0 0
48 30 5 0 0 0
fl=/build/glibc-OTsEL5/glibc-2.27/elf/../sysdeps/unix/sysv/linux/not-errno.h
fn=_dl_important_hwcaps
28 4 0 0 0 0
fn=_dl_load_cache_lookup
28 16 0 0 0 0
32 12 0 0 0 0
fl=/build/glibc-OTsEL5/glibc-2.27/elf/../sysdeps/unix/sysv/linux/x86_64/brk.c
fn=brk
31 7 1 0 0 0
33 2 1 0 0 0
39 1 0 0 0 0
40 1 0 0 0 0
fl=/build/glibc-OTsEL5/glibc-2.27/elf/../sysdeps/x86/cpu-features.c
fn=_dl_sysdep_start
184 1 0 0 0 0
185 1 0 0 0 0
196 3 0 0 0 0
199 6 3 2 0 0
203 1 0 0 0 0
205 6 0 0 0 0
208 3 1 1 0 0
210 5 0 0 0 0
211 7 1 0 1 1
217 2 0 0 0 0
257 2 1 0 0 0
279 2 0 0 0 0
305 4 0 0 0 0
312 8 0 0 0 0
366 3 1 0 0 0
367 1 0 0 0 0
370 2 1 0 0 0
371 1 0 0 0 0
377 1 0 0 0 0
378 1 0 0 0 0
379 1 0 0 0 0
382 4 0 0 0 0
384 6 0 0 0 0
386 6 0 0 0 0
388 6 0 0 0 0
399 1 0 0 0 0
400 3 1 1 0 0
404 3 1 1 0 0
423 3 1 1 0 0
fn=get_common_indeces.constprop.1
34 2 0 0 0 0
38 4 1 0 0 0
41 5 0 0 0 0
44 1 0 0 0 0
45 4 0 0 0 0
46 4 0 0 0 0
47 4 0 0 0 0
48 3 0 0 0 0
49 2 1 0 0 0
56 2 1 0 0 0
57 7 0 0 0 0
64 3 1 0 0 0
68 2 0 0 0 0
70 4 1 1 0 0
74 2 1 0 0 0
77 4 0 0 0 0
80 2 1 1 0 0
84 2 1 0 0 0
91 3 1 1 0 0
110 2 1 0 0 0
114 4 0 0 0 0
115 2 1 0 0 0
117 1 0 0 0 0
118 1 0 0 0 0
121 2 0 0 0 0
123 1 0 0 0 0
125 3 0 0 0 0
128 2 1 1 0 0
178 3 0 0 0 0
fl=/build/glibc-OTsEL5/glibc-2.27/elf/../sysdeps/x86/dl-hwcap.h
fn=_dl_important_hwcaps
57 6 0 0 0 0
fl=/build/glibc-OTsEL5/glibc-2.27/elf/../sysdeps/x86/dl-procinfo.h
fn=_dl_load_cache_lookup
39 16 4 0 0 0
42 48 4 0 0 0
fl=/build/glibc-OTsEL5/glibc-2.27/elf/../sysdeps/x86_64/dl-irel.h
fn=_dl_fixup
32 6 0 0 3 3
fl=/build/glibc-OTsEL5/glibc-2.27/elf/../sysdeps/x86_64/dl-machine.h
fn=_dl_fixup
242 31 0 0 0 0
fn=_dl_relocate_object
76 28 14 3 0 0
82 10 0 0 0 0
86 15 5 2 0 0
92 5 0 0 0 0
100 15 5 0 0 0
120 10 5 0 0 0
122 10 0 0 0 0
124 20 0 0 0 0
131 15 5 2 0 0
276 300 150 2 0 0
297 300 150 4 0 0
301 300 150 0 0 0
308 6166 906 27 0 0
310 658 130 6 0 0
313 536 134 9 0 0
316 5 2 0 0 0
319 2 1 0 0 0
320 3 1 0 0 0
321 2 1 1 0 0
325 1 0 0 0 0
332 4 0 0 1 1
335 900 150 0 150 10
430 69 23 1 0 0
434 92 23 0 0 0
439 69 0 0 0 0
448 69 0 0 0 0
458 508 0 0 0 0
481 21 0 0 0 0
491 12 0 0 0 0
535 4023 1341 0 0 0
540 2682 1341 6 0 0
541 4023 0 0 0 0
551 452 0 0 0 0
555 374 187 0 0 0
557 561 187 0 0 0
558 187 0 0 0 0
575 78 0 0 0 0
577 39 0 0 39 38
578 39 0 0 0 0
fn=_dl_start
59 3 0 0 0 0
301 27 9 0 0 0
310 45 9 0 0 0
313 36 9 0 0 0
335 55 9 0 9 1
354 27 0 0 0 0
422 1 0 0 0 0
540 78 39 0 0 0
541 117 0 0 0 0
fl=/build/glibc-OTsEL5/glibc-2.27/elf/../sysdeps/x86_64/dl-trampoline.h
fn=_dl_runtime_resolve_xsave
71 31 0 0 0 0
74 31 0 0 0 0
76 31 0 0 0 0
86 31 0 0 0 0
92 31 0 0 0 0
93 31 0 0 0 0
94 31 0 0 0 0
95 31 0 0 0 0
96 31 0 0 0 0
97 31 0 0 0 0
98 31 0 0 0 0
102 31 0 0 0 0
103 31 0 0 0 0
106 31 0 0 0 0
107 31 0 0 0 0
109 31 0 0 0 0
110 31 0 0 0 0
111 31 0 0 0 0
112 31 0 0 0 0
113 31 0 0 0 0
114 31 0 0 0 0
116 31 0 0 0 0
123 31 0 0 0 0
124 31 0 0 0 0
125 31 0 0 0 0
126 31 0 0 0 0
131 31 0 0 0 0
132 31 0 0 0 0
133 31 0 0 0 0
135 31 0 0 0 0
136 31 0 0 0 0
137 31 0 0 0 0
138 31 0 0 0 0
139 31 0 0 0 0
140 31 0 0 0 0
141 31 0 0 0 0
143 31 0 0 0 0
145 31 0 0 0 0
149 31 0 0 0 0
152 31 0 0 31 31
fl=/build/glibc-OTsEL5/glibc-2.27/elf/./dl-load.h
fn=_dl_map_object_from_fd
90 20 10 2 0 0
91 15 0 0 0 0
93 20 10 5 0 0
94 15 3 0 0 0
95 18 3 0 0 0
96 12 0 0 0 0
98 12 0 0 0 0
fl=/build/glibc-OTsEL5/glibc-2.27/elf/./dl-map-segments.h
fn=_dl_map_object_from_fd
50 10 0 0 0 0
56 35 0 0 0 0
60 15 5 0 0 0
63 15 0 0 0 0
64 10 0 0 0 0
66 10 5 2 0 0
73 60 5 2 0 0
80 10 0 0 0 0
90 50 10 5 0 0
92 30 5 0 0 0
94 50 5 5 0 0
104 40 10 2 0 0
110 10 0 0 0 0
111 5 0 0 0 0
112 25 0 0 0 0
113 10 0 0 0 0
120 10 5 0 0 0
123 10 5 0 0 0
131 45 0 0 0 0
137 10 5 3 0 0
141 16 0 0 0 0
144 4 2 2 0 0
149 10 0 0 0 0
fl=/build/glibc-OTsEL5/glibc-2.27/elf/dl-addr.c
fn=_dl_addr
30 2 0 0 0 0
31 2 0 0 0 0
34 2 1 0 0 0
38 1 0 0 0 0
39 1 0 0 0 0
40 3 0 0 0 0
42 3 0 0 0 0
44 2 0 0 0 0
45 2 1 0 0 0
50 4050 1012 1 0 0
52 1011 0 0 0 0
53 2022 1011 103 0 0
55 3664 0 0 0 0
61 11625 2325 27 0 0
63 9300 2325 3 0 0
64 16858 4290 852 0 0
69 2325 0 0 0 0
71 8384 2325 1009 0 0
100 2 1 0 0 0
101 1 0 0 0 0
102 3 1 1 0 0
105 2 1 1 0 0
117 1 0 0 0 0
118 1 0 0 0 0
126 11 0 0 0 0
128 1 0 0 0 0
131 3 0 0 1 1
133 2 0 0 0 0
135 3 1 0 0 0
138 2 0 0 0 0
141 2 0 0 1 1
144 9 0 0 0 0
fl=/build/glibc-OTsEL5/glibc-2.27/elf/dl-cache.c
fn=_dl_cache_libcmp
141 86 0 0 0 0
142 468 234 7 0 0
144 920 230 4 0 0
146 8 4 0 0 0
152 16 0 0 0 0
153 12 0 0 0 0
154 16 4 2 0 0
156 16 4 2 0 0
158 8 4 2 0 0
164 452 226 0 0 0
166 826 226 39 0 0
167 117 0 0 0 0
170 187 0 0 0 0
171 187 0 0 0 0
174 12 0 0 0 0
fn=_dl_load_cache_lookup
187 36 0 0 0 0
195 8 4 0 0 0
198 12 4 1 0 0
201 5 0 0 0 0
209 5 2 0 0 0
210 7 3 0 0 0
214 1 0 0 0 0
217 4 0 0 0 0
220 2 0 0 0 0
221 3 1 0 0 0
222 8 2 1 0 0
243 16 3 0 0 0
249 8 4 0 0 0
258 12 0 0 0 0
260 4 0 0 0 0
264 24 0 0 0 0
266 8 0 0 0 0
270 56 8 2 0 0
271 12 0 0 0 0
285 968 192 25 0 0
297 11 0 0 0 0
301 8 4 0 0 0
305 8 4 0 0 0
313 36 0 0 0 0
314 12 0 0 0 0
315 8 0 0 0 0
316 32 0 0 0 0
fn=_dl_unload_cache
325 1 0 0 0 0
326 4 1 1 0 0
328 2 0 0 0 0
329 1 0 0 0 0
331 2 0 0 0 0
fl=/build/glibc-OTsEL5/glibc-2.27/elf/dl-debug.c
fn=_dl_debug_initialize
49 14 7 6 0 0
50 7 0 0 0 0
54 26 13 10 0 0
57 1 0 0 0 0
58 9 1 1 0 0
59 5 0 0 0 0
60 2 0 0 0 0
64 1 0 0 0 0
fn=_dl_debug_state
74 2 0 0 0 0
fl=/build/glibc-OTsEL5/glibc-2.27/elf/dl-deps.c
fn=_dl_map_object_deps
143 4 0 0 0 0
144 2 0 0 0 0
145 7 0 0 0 0
147 2 0 0 0 0
151 8 0 0 0 0
158 11 0 0 0 0
159 9 0 0 0 0
175 11 2 0 0 0
176 1 0 0 0 0
179 1 0 0 0 0
185 1 0 0 0 0
186 1 0 0 0 0
198 6 0 0 0 0
199 3 0 0 0 0
200 2 0 0 0 0
206 7 0 0 0 0
209 7 0 0 0 0
213 28 7 5 0 0
214 46 20 2 0 0
216 5 0 0 0 0
218 20 5 3 0 0
220 39 3 0 0 0
225 29 11 2 0 0
227 15 0 0 0 0
232 5 0 0 0 0
233 10 0 0 0 0
234 10 0 0 0 0
235 10 0 0 0 0
238 591 144 5 0 0
239 278 139 10 0 0
245 70 10 0 0 0
247 10 0 0 0 0
249 40 0 0 0 0
250 20 10 0 0 0
259 10 0 0 0 0
261 20 10 4 0 0
266 15 0 0 0 0
269 5 0 0 0 0
270 5 0 0 0 0
271 5 0 0 0 0
272 10 0 0 0 0
274 5 0 0 0 0
276 25 0 0 0 0
280 20 10 3 0 0
281 24 0 0 0 0
283 387 129 7 0 0
304 10 0 0 0 0
434 15 7 2 0 0
436 15 0 0 0 0
438 10 0 0 0 0
439 10 0 0 0 0
440 10 5 0 0 0
443 10 0 0 0 0
444 25 0 0 0 0
445 25 0 0 0 0
448 5 0 0 0 0
449 5 0 0 0 0
453 52 7 5 0 0
455 7 0 0 0 0
456 34 13 7 0 0
460 6 2 1 0 0
461 2 0 0 0 0
464 4 1 1 0 0
474 2 0 0 0 0
475 3 0 0 0 0
477 5 1 0 0 0
482 12 1 0 0 0
483 1 0 0 0 0
485 23 7 6 0 0
491 14 0 0 0 0
495 21 0 0 0 0
498 2 1 0 0 0
549 2 1 0 0 0
550 1 0 0 0 0
551 3 1 1 0 0
573 12 0 0 0 0
586 7 0 0 0 0
590 5 0 0 0 0
593 1 0 0 0 0
595 1 0 0 0 0
596 1 0 0 0 0
597 4 1 1 0 0
604 3 1 1 0 0
607 2 1 0 0 0
610 8 0 0 0 0
fn=openaux
60 20 0 0 0 0
63 100 0 0 0 0
64 20 0 0 0 0
67 10 0 0 0 0
68 20 0 0 0 0
fl=/build/glibc-OTsEL5/glibc-2.27/elf/dl-environ.c
fn=_dl_next_ld_env_entry
29 3 0 0 0 0
32 208 69 2 0 0
34 136 68 27 0 0
35 38 19 8 0 0
37 2 0 0 0 0
40 4 0 0 0 0
42 2 0 0 0 0
45 66 0 0 0 0
49 1 0 0 0 0
fl=/build/glibc-OTsEL5/glibc-2.27/elf/dl-error-skeleton.c
fn=_dl_catch_error
213 7 0 0 0 0
215 4 0 0 0 0
216 2 0 0 0 0
217 2 0 0 0 0
218 2 0 0 0 0
220 5 0 0 0 0
fn=_dl_catch_exception
175 44 0 0 0 0
187 22 0 0 0 0
188 22 0 0 0 0
190 22 0 0 0 0
191 22 0 0 0 0
194 66 11 0 0 0
196 33 0 0 11 2
197 22 0 0 0 0
198 44 0 0 0 0
207 44 0 0 0 0
fn=_dl_receive_error
226 3 0 0 0 0
227 1 0 0 0 0
228 1 0 0 0 0
231 1 0 0 0 0
232 1 0 0 0 0
234 2 0 0 1 1
236 1 0 0 0 0
237 1 0 0 0 0
238 4 0 0 0 0
fl=/build/glibc-OTsEL5/glibc-2.27/elf/dl-fini.c
fn=_dl_fini
30 8 0 0 0 0
47 6 0 0 0 0
50 7 2 1 0 0
53 2 0 0 1 1
55 1 0 0 0 0
58 2 1 0 0 0
60 8 1 0 0 0
65 1 0 0 0 0
68 7 0 0 0 0
73 22 7 4 0 0
75 14 7 0 0 0
77 14 7 0 0 0
79 14 0 0 0 0
80 7 0 0 0 0
81 7 0 0 0 0
85 7 0 0 0 0
87 6 2 1 0 0
88 4 1 1 0 0
94 10 0 0 0 0
104 2 0 0 1 1
109 22 8 3 0 0
111 7 0 0 0 0
113 21 7 0 0 0
116 14 0 0 0 0
119 21 7 2 0 0
120 6 2 1 0 0
123 10 5 0 0 0
134 15 0 0 0 0
135 5 0 0 0 0
136 10 0 0 0 0
137 54 12 3 0 0
138 14 0 0 7 7
142 10 5 0 0 0
143 15 0 0 5 5
149 42 14 2 0 0
165 14 0 0 0 0
171 6 2 0 0 0
177 2 1 0 0 0
184 8 0 0 0 0
fl=/build/glibc-OTsEL5/glibc-2.27/elf/dl-hwcaps.c
fn=_dl_important_hwcaps
42 13 0 0 0 0
43 8 0 0 0 0
46 3 0 0 0 0
55 18 3 1 0 0
56 6 0 0 0 0
57 4 0 0 0 0
65 3 1 1 0 0
69 3 0 0 0 0
129 1 0 0 0 0
131 4 2 0 0 0
146 7 0 0 0 0
147 1 0 0 0 0
149 2 1 1 0 0
166 1 0 0 0 0
183 19 2 1 0 0
184 6 2 1 0 0
186 1 0 0 0 0
187 2 0 0 0 0
188 7 0 0 0 0
191 3 1 0 0 0
193 1 0 0 0 0
194 6 0 0 0 0
198 2 0 0 0 0
199 1 0 0 0 0
202 3 1 0 0 0
205 4 1 0 0 0
209 8 0 0 0 0
210 4 1 0 0 0
212 3 0 0 0 0
213 2 1 0 0 0
214 3 0 0 0 0
215 2 1 1 0 0
222 2 0 0 0 0
228 11 0 0 0 0
229 5 0 0 0 0
230 4 1 0 0 0
259 13 0 0 0 0
262 4 1 0 0 0
265 2 0 0 0 0
269 1 0 0 0 0
272 2 0 0 0 0
275 12 0 0 0 0
278 12 2 1 0 0
279 24 2 1 0 0
280 6 0 0 0 0
283 10 0 0 0 0
285 7 2 1 0 0
290 28 9 7 0 0
291 16 0 0 0 0
295 22 0 0 0 0
298 51 12 10 0 0
299 72 24 10 0 0
300 36 0 0 0 0
302 6 3 2 0 0
305 3 0 0 0 0
306 2 0 0 0 0
307 15 3 1 0 0
309 6 2 1 0 0
310 2 0 0 0 0
313 4 0 0 0 0
320 19 0 0 0 0
321 4 0 0 0 0
323 8 4 3 0 0
326 3 0 0 0 0
328 2 0 0 0 0
329 9 0 0 0 0
fl=/build/glibc-OTsEL5/glibc-2.27/elf/dl-init.c
fn=_dl_init
30 24 8 2 0 0
36 14 0 0 0 0
39 28 7 1 0 0
40 3 1 0 0 0
44 18 6 1 0 0
45 3 1 1 0 0
49 10 5 0 0 0
58 36 0 0 5 5
61 1 0 0 0 0
62 10 5 0 0 0
68 15 0 0 0 0
70 14 0 0 0 0
71 57 14 6 0 0
72 43 0 0 9 9
79 11 0 0 0 0
80 1 0 0 0 0
81 1 0 0 0 0
84 3 1 1 0 0
87 2 0 0 0 0
92 2 1 1 0 0
117 2 0 0 0 0
118 24 8 5 0 0
119 21 0 0 0 0
125 8 0 0 0 0
fl=/build/glibc-OTsEL5/glibc-2.27/elf/dl-load.c
fn=_dl_init_paths
623 9 0 0 0 0
636 6 0 0 0 0
640 1 0 0 0 0
641 2 0 0 0 0
642 3 1 0 0 0
649 4 0 0 0 0
650 5 0 0 0 0
653 6 0 0 0 0
655 2 1 0 0 0
661 1 0 0 0 0
662 1 0 0 0 0
664 1 0 0 0 0
670 3 0 0 0 0
672 8 0 0 0 0
673 4 0 0 0 0
675 5 0 0 0 0
676 8 0 0 0 0
677 7 0 0 0 0
680 6 3 0 0 0
681 24 4 3 0 0
684 30 4 1 0 0
690 1 0 0 0 0
691 1 0 0 0 0
695 1 0 0 0 0
696 2 1 0 0 0
698 4 1 0 0 0
700 3 1 1 0 0
717 2 0 0 0 0
719 3 1 1 0 0
733 2 0 0 0 0
738 5 2 1 0 0
740 12 0 0 0 0
744 2 0 0 0 0
745 61 15 6 0 0
746 56 14 6 0 0
749 1 0 0 0 0
750 1 0 0 0 0
751 2 1 0 0 0
757 7 0 0 0 0
760 3 1 0 0 0
766 1 0 0 0 0
770 8 0 0 0 0
fn=_dl_map_object
601 42 14 12 0 0
604 4 2 1 0 0
607 6 2 1 0 0
610 15 0 0 0 0
2080 99 0 0 0 0
2082 5 0 0 0 0
2088 22 11 0 0 0
2089 44 11 0 0 0
2092 193 46 10 0 0
2097 287 41 0 0 0
2099 205 41 2 0 0
2103 70 35 0 0 0
2104 105 35 18 0 0
2107 17 0 0 0 0
2108 34 0 0 0 0
2109 68 17 9 0 0
2125 15 5 0 0 0
2135 15 5 0 0 0
2169 5 0 0 0 0
2171 29 5 3 0 0
2175 16 0 0 0 0
2177 8 4 0 0 0
2184 16 8 4 0 0
2188 16 0 0 0 0
2189 8 0 0 0 0
2193 18 6 5 0 0
2194 1 0 0 0 0
2196 28 0 0 0 0
2208 12 4 0 0 0
2209 28 8 0 0 0
2219 8 4 0 0 0
2220 60 4 2 0 0
2226 20 8 0 0 0
2227 1 0 0 0 0
2235 4 0 0 0 0
2249 8 4 0 0 0
2251 12 4 0 0 0
2255 12 0 0 0 0
2257 8 4 0 0 0
2261 8 4 0 0 0
2269 12 4 0 0 0
2292 44 0 0 0 0
2296 20 4 0 0 0
2297 8 0 0 0 0
2314 8 4 0 0 0
2320 1 0 0 0 0
2322 6 1 0 0 0
2323 5 1 0 0 0
2327 10 0 0 0 0
2330 5 1 0 0 0
2342 19 0 0 0 0
2344 8 4 3 0 0
2388 10 0 0 0 0
2389 75 0 0 0 0
2391 99 0 0 0 0
fn=_dl_map_object_from_fd
369 6 0 0 0 0
808 75 0 0 0 0
818 20 0 0 0 0
819 5 0 0 0 0
834 95 25 8 0 0
835 40 20 0 0 0
852 10 5 0 0 0
876 20 5 0 0 0
886 10 5 0 0 0
908 20 5 0 0 0
940 10 5 0 0 0
943 40 0 0 0 0
944 10 5 0 0 0
955 15 0 0 0 0
956 20 0 0 0 0
957 10 0 0 0 0
959 15 0 0 0 0
960 20 5 0 0 0
961 5 0 0 0 0
976 15 0 0 0 0
978 5 0 0 0 0
980 50 0 0 0 0
981 5 0 0 0 0
982 5 0 0 0 0
988 261 46 2 0 0
989 307 150 41 0 0
995 10 5 0 0 0
1000 10 0 0 0 0
1001 20 0 0 0 0
1006 4 0 0 0 0
1007 2 0 0 0 0
1012 50 10 0 0 0
1017 80 10 0 0 0
1025 40 0 0 0 0
1026 40 0 0 0 0
1027 50 0 0 0 0
1028 10 0 0 0 0
1029 20 0 0 0 0
1030 20 0 0 0 0
1034 20 10 4 0 0
1035 20 0 0 0 0
1039 20 0 0 0 0
1040 80 0 0 0 0
1050 10 0 0 0 0
1053 6 2 0 0 0
1057 2 0 0 0 0
1058 6 0 0 0 0
1059 4 2 0 0 0
1060 2 0 0 0 0
1062 6 0 0 0 0
1063 4 0 0 0 0
1066 2 0 0 0 0
1070 8 2 0 0 0
1076 6 0 0 0 0
1077 2 0 0 0 0
1085 25 0 0 0 0
1092 10 0 0 0 0
1093 5 0 0 0 0
1096 10 0 0 0 0
1097 10 0 0 0 0
1098 5 0 0 0 0
1101 20 5 0 0 0
1110 10 5 0 0 0
1120 50 0 0 0 0
1132 20 5 0 0 0
1141 15 0 0 0 0
1148 10 5 5 0 0
1163 15 5 0 0 0
1182 10 0 0 0 0
1184 25 5 0 0 0
1238 15 5 3 0 0
1239 4 0 0 0 0
1242 20 5 0 0 0
1251 10 5 0 0 0
1253 20 0 0 0 0
1255 10 5 0 0 0
1271 10 0 0 0 0
1275 10 5 0 0 0
1276 10 5 0 0 0
1293 10 5 3 0 0
1294 2 0 0 0 0
1297 15 0 0 0 0
1302 10 5 0 0 0
1312 10 5 0 0 0
1322 15 0 0 0 0
1326 15 5 5 0 0
1346 45 0 0 0 0
fn=expand_dynamic_string_token
320 14 0 0 0 0
330 10 2 0 0 0
334 4 0 0 0 0
345 10 0 0 0 0
fn=fillin_rpath
389 16 0 0 0 0
391 1 0 0 0 0
393 12 2 1 0 0
400 2 1 0 0 0
402 4 0 0 0 0
406 2 1 0 0 0
411 2 0 0 0 0
412 2 1 0 0 0
419 7 2 1 0 0
424 4 0 0 0 0
428 17 5 1 0 0
429 8 4 4 0 0
447 4 1 1 0 0
450 1 0 0 0 0
451 7 0 0 0 0
453 3 1 0 0 0
457 2 0 0 0 0
458 1 0 0 0 0
459 4 0 0 0 0
460 2 0 0 0 0
462 2 1 1 0 0
468 4 0 0 0 0
469 40 7 2 0 0
470 12 2 0 0 0
472 2 0 0 0 0
473 3 1 1 0 0
478 2 0 0 0 0
480 1 0 0 0 0
481 1 0 0 0 0
484 3 0 0 0 0
486 3 0 0 0 0
490 1 0 0 0 0
493 9 0 0 0 0
fn=open_path
1932 32 0 0 0 0
1933 8 0 0 0 0
1936 4 0 0 0 0
1937 4 0 0 0 0
1939 8 4 0 0 0
1944 72 0 0 0 0
1947 12 0 0 0 0
1951 12 0 0 0 0
1956 16 4 0 0 0
1963 20 0 0 0 0
1964 98 36 11 0 0
1967 64 32 13 0 0
1971 110 0 0 0 0
1974 22 0 0 0 0
1977 33 11 0 0 0
1980 110 0 0 0 0
1982 55 11 2 0 0
1984 16 8 2 0 0
1989 16 8 0 0 0
1990 64 8 2 0 0
1996 89 0 0 0 0
1998 48 8 2 0 0
1999 2 0 0 0 0
2001 23 0 0 0 0
2008 12 0 0 0 0
2010 6 3 0 0 0
2018 8 0 0 0 0
2028 42 0 0 0 0
2046 8 0 0 0 0
2049 28 12 0 0 0
2054 4 0 0 0 0
2056 16 4 0 0 0
2059 12 4 0 0 0
2073 36 0 0 0 0
fn=open_verify.constprop.7
1598 224 0 0 0 0
1637 78 31 1 0 0
1650 11 0 0 0 0
1668 80 0 0 0 0
1670 37 16 3 0 0
1680 5 0 0 0 0
1681 10 0 0 0 0
1686 30 0 0 0 0
1688 10 5 0 0 0
1690 10 0 0 0 0
1692 10 5 0 0 0
1698 10 5 0 0 0
1714 82 26 5 0 0
1788 10 5 0 0 0
1793 10 5 0 0 0
1795 20 5 0 0 0
1801 10 5 0 0 0
1812 10 5 0 0 0
1818 20 0 0 0 0
1819 20 5 0 0 0
1820 5 0 0 0 0
1825 4 0 0 0 0
1840 193 33 2 0 0
1842 92 41 18 0 0
1855 15 5 0 0 0
1858 20 5 0 0 0
1859 5 0 0 0 0
1868 48 8 2 0 0
1870 5 0 0 0 0
1871 60 0 0 0 0
1874 15 5 3 0 0
1879 3 0 0 0 0
1880 6 0 0 0 0
1883 6 3 0 0 0
1886 6 0 0 0 0
1887 12 0 0 0 0
1888 3 0 0 0 0
1889 9 3 0 0 0
1890 9 3 1 0 0
1918 144 0 0 0 0
fl=/build/glibc-OTsEL5/glibc-2.27/elf/dl-lookup.c
fn=_dl_lookup_symbol_x
554 316 0 0 0 0
555 9734 2394 206 0 0
556 8944 0 0 0 0
790 2212 0 0 0 0
792 316 0 0 0 0
793 316 0 0 0 0
796 158 0 0 0 0
800 748 295 16 0 0
804 1738 0 0 0 0
805 474 158 0 0 0
811 570 174 2 0 0
813 2054 0 0 0 0
816 758 158 2 0 0
819 64 32 0 0 0
841 316 158 4 0 0
843 96 32 2 0 0
860 16 0 0 0 0
861 32 0 0 0 0
865 994 284 1 0 0
896 142 0 0 0 0
905 568 142 0 0 0
919 426 142 65 0 0
920 2 0 0 0 0
922 568 142 0 0 0
927 142 0 0 0 0
929 1454 0 0 0 0
fn=_dl_setup_hash
939 21 7 0 0 0
943 7 0 0 0 0
947 14 0 0 0 0
948 7 0 0 0 0
949 7 0 0 0 0
951 21 7 2 0 0
952 7 0 0 0 0
953 21 0 0 0 0
955 7 0 0 0 0
956 14 0 0 0 0
958 7 0 0 0 0
960 21 0 0 0 0
961 7 0 0 0 0
fn=do_lookup_x
78 994 284 8 0 0
90 1809 142 0 0 0
93 900 219 10 0 0
97 142 0 0 0 0
98 284 142 35 0 0
100 274 137 1 0 0
119 137 0 0 0 0
120 1233 137 12 0 0
121 1370 137 0 0 0
148 10 5 0 0 0
150 25 5 5 0 0
180 105 0 0 0 0
294 597 0 0 0 0
338 2054 0 0 0 0
339 158 0 0 0 0
344 316 0 0 0 0
345 158 0 0 0 0
349 1478 0 0 0 0
352 1478 739 0 0 0
356 2426 739 13 0 0
360 1478 739 0 0 0
364 1478 739 8 0 0
370 2217 739 0 0 0
374 157 0 0 0 0
375 157 0 0 0 0
378 1478 0 0 0 0
379 2217 0 0 0 0
382 739 0 0 0 0
383 1478 739 0 0 0
385 739 0 0 0 0
386 316 0 0 0 0
387 1478 0 0 0 0
390 3695 0 0 0 0
393 5173 739 178 0 0
396 330 0 0 0 0
397 495 0 0 0 0
398 330 165 8 0 0
400 471 0 0 0 0
403 1530 306 137 0 0
405 568 0 0 0 0
406 426 0 0 0 0
407 284 0 0 0 0
413 492 164 17 0 0
421 316 0 0 0 0
446 30 15 4 0 0
452 1420 142 16 0 0
503 284 142 0 0 0
506 1068 392 27 0 0
510 51 17 0 0 0
522 852 0 0 0 0
524 142 0 0 0 0
540 3966 1521 72 0 0
541 1680 240 2 0 0
544 1791 597 16 0 0
547 32 0 0 0 0
548 1264 0 0 0 0
fl=/build/glibc-OTsEL5/glibc-2.27/elf/dl-minimal.c
fn=calloc
92 14 0 0 0 0
96 14 0 0 0 0
99 28 0 0 0 0
100 42 14 12 0 0
103 14 0 0 0 0
fn=free
111 4 1 0 0 0
fn=malloc
49 6 0 0 0 0
50 147 37 1 0 0
55 5 0 0 0 0
56 2 0 0 0 0
57 2 0 0 0 0
61 111 0 0 0 0
64 251 72 26 0 0
69 8 0 0 0 0
70 4 2 2 0 0
72 2 0 0 0 0
73 16 0 0 0 0
75 4 2 0 0 0
77 6 2 1 0 0
79 6 0 0 0 0
82 37 0 0 0 0
83 37 0 0 0 0
85 80 0 0 0 0
fn=strsep
265 4 2 0 0 0
267 2 0 0 0 0
268 4 2 1 0 0
272 77 15 4 0 0
277 56 28 7 0 0
279 84 28 3 0 0
287 14 0 0 0 0
290 1 0 0 0 0
294 2 0 0 0 0
fl=/build/glibc-OTsEL5/glibc-2.27/elf/dl-misc.c
fn=_dl_name_match_p
282 1660 0 0 0 0
283 1328 332 0 0 0
284 348 0 0 0 0
286 332 0 0 0 0
288 1324 662 33 0 0
289 1730 346 27 0 0
292 330 0 0 0 0
294 316 0 0 0 0
295 1660 0 0 0 0
fn=_dl_sysdep_read_whole_file
44 8 0 0 0 0
47 3 0 0 0 0
48 2 1 0 0 0
50 7 1 0 0 0
52 2 0 0 0 0
55 2 1 1 0 0
57 8 0 0 0 0
68 2 0 0 0 0
71 7 0 0 0 0
fl=/build/glibc-OTsEL5/glibc-2.27/elf/dl-object.c
fn=_dl_add_to_namespace_list
31 30 0 0 0 0
33 18 0 0 6 1
35 52 6 4 0 0
38 60 20 13 0 0
40 5 0 0 0 0
42 5 0 0 0 0
45 2 0 0 0 0
46 18 0 0 0 0
47 12 0 0 0 0
48 12 0 0 0 0
50 12 0 0 6 1
51 18 0 0 0 0
fn=_dl_new_object
59 78 0 0 0 0
60 36 0 0 0 0
66 36 0 0 0 0
68 12 0 0 0 0
73 30 0 0 0 0
76 12 6 0 0 0
79 6 0 0 0 0
80 18 0 0 0 0
84 12 0 0 0 0
85 48 0 0 0 0
87 6 0 0 0 0
95 36 0 0 0 0
96 30 0 0 0 0
99 12 6 6 0 0
100 17 0 0 0 0
101 6 0 0 0 0
105 6 0 0 0 0
108 49 22 15 0 0
110 32 0 0 0 0
120 12 0 0 0 0
121 6 0 0 0 0
124 1 0 0 0 0
126 36 6 1 0 0
128 15 0 0 0 0
131 16 6 5 0 0
135 21 7 3 0 0
139 26 10 9 0 0
147 1 0 0 0 0
150 12 0 0 0 0
153 18 6 1 0 0
155 20 0 0 0 0
159 20 5 0 0 0
163 20 0 0 0 0
164 10 5 2 0 0
172 5 0 0 0 0
176 5 0 0 0 0
209 100 0 0 0 0
214 85 0 0 0 0
215 180 85 25 0 0
220 10 0 0 0 0
223 5 0 0 0 0
227 54 0 0 0 0
fl=/build/glibc-OTsEL5/glibc-2.27/elf/dl-open.c
fn=_dl_find_dso_for_object
176 5 0 0 0 0
180 6 1 0 0 0
181 13 4 2 0 0
182 16 8 3 0 0
183 2 1 1 0 0
186 2 1 0 0 0
190 7 0 0 0 0
fl=/build/glibc-OTsEL5/glibc-2.27/elf/dl-reloc.c
fn=_dl_relocate_object
148 84 0 0 0 0
155 7 0 0 0 0
158 12 0 0 0 0
159 21 0 0 0 0
163 14 7 0 0 0
164 35 0 0 0 0
170 21 7 0 0 0
176 28 7 0 0 0
177 14 7 1 0 0
180 15 7 1 0 0
187 14 7 0 0 0
231 21 0 0 0 0
258 334 51 8 0 0
261 28 7 0 0 0
285 7 0 0 0 0
288 14 7 0 0 0
305 21 7 0 0 0
307 56 0 0 0 0
313 42 0 0 0 0
316 14 0 0 0 0
320 14 7 0 0 0
321 35 7 0 0 0
fl=/build/glibc-OTsEL5/glibc-2.27/elf/dl-sort-maps.c
fn=_dl_sort_maps
28 18 0 0 0 0
30 4 2 2 0 0
33 2 0 0 0 0
34 20 0 0 0 0
35 50 0 0 0 0
39 56 0 0 0 0
40 42 0 0 0 0
42 28 14 7 0 0
46 28 14 8 0 0
54 164 46 24 0 0
56 102 0 0 0 0
57 90 34 14 0 0
59 234 78 17 0 0
60 174 58 17 0 0
65 18 0 0 0 0
66 6 0 0 0 0
67 2 0 0 0 0
69 14 2 2 0 0
74 2 0 0 0 0
77 12 2 2 0 0
84 14 0 0 0 0
85 8 0 0 0 0
87 4 0 0 0 0
90 176 48 14 0 0
115 66 12 2 0 0
118 100 0 0 0 0
122 26 0 0 0 0
fl=/build/glibc-OTsEL5/glibc-2.27/elf/dl-tunables.c
fn=__GI___tunables_init
68 345 138 4 0 0
71 68 0 0 0 0
74 6043 1746 84 0 0
78 136 68 0 0 0
83 136 0 0 0 0
150 4 0 0 0 0
280 3 1 1 0 0
289 8 0 0 0 0
297 136 68 0 0 0
312 6052 1496 88 0 0
318 7480 2992 871 0 0
330 272 0 0 0 0
364 8 0 0 0 0
fn=__tunable_get_val
373 248 49 16 0 0
377 42 0 0 0 0
382 8 0 0 0 0
383 8 0 0 0 0
399 125 25 18 0 0
401 25 0 0 0 0
fl=/build/glibc-OTsEL5/glibc-2.27/elf/dl-tunables.h
fn=__GI___tunables_init
120 2768 657 12 0 0
121 2809 1367 64 0 0
fl=/build/glibc-OTsEL5/glibc-2.27/elf/dl-version.c
fn=_dl_check_all_versions
362 8 0 0 0 0
364 1 0 0 0 0
366 24 8 5 0 0
368 70 7 5 0 0
371 7 0 0 0 0
fn=_dl_check_map_versions
37 152 51 8 0 0
38 41 0 0 0 0
39 255 51 5 0 0
57 90 0 0 0 0
65 90 30 0 0 0
71 90 30 2 0 0
87 30 0 0 0 0
88 60 30 0 0 0
90 30 0 0 0 0
95 616 248 8 0 0
109 496 248 34 0 0
111 30 0 0 0 0
114 260 30 0 0 0
121 654 218 0 0 0
125 218 0 0 0 0
143 60 0 0 0 0
156 49 0 0 0 0
157 12 0 0 0 0
165 7 0 0 0 0
171 21 7 0 0 0
173 35 0 0 0 0
175 14 0 0 0 0
176 14 0 0 0 0
178 14 7 2 0 0
181 20 0 0 0 0
185 15 5 0 0 0
199 5 0 0 0 0
201 20 0 0 0 0
209 30 10 1 0 0
214 30 0 0 0 0
218 305 30 11 0 0
220 30 0 0 0 0
222 80 0 0 0 0
225 120 0 0 0 0
228 90 30 12 0 0
233 20 0 0 0 0
237 40 10 5 0 0
242 15 0 0 0 0
251 20 7 2 0 0
254 20 0 0 0 0
257 286 0 0 0 0
260 217 69 25 0 0
264 64 0 0 0 0
268 18 6 5 0 0
273 6 0 0 0 0
274 24 0 0 0 0
275 12 6 0 0 0
285 6 0 0 0 0
288 18 0 0 0 0
290 18 6 1 0 0
293 20 0 0 0 0
295 5 0 0 0 0
297 30 0 0 0 0
300 90 0 0 0 0
302 90 30 0 0 0
304 150 0 0 0 0
305 90 0 0 0 0
306 90 0 0 0 0
307 90 0 0 0 0
310 90 30 19 0 0
315 20 0 0 0 0
318 30 10 5 0 0
323 5 0 0 0 0
328 18 6 1 0 0
331 20 0 0 0 0
335 64 0 0 0 0
337 138 69 11 0 0
341 64 0 0 0 0
342 320 0 0 0 0
343 192 0 0 0 0
344 64 0 0 0 0
347 207 69 9 0 0
351 64 0 0 0 0
357 63 0 0 0 0
fl=/build/glibc-OTsEL5/glibc-2.27/elf/do-rel.h
fn=_dl_relocate_object
47 42 0 0 0 0
48 14 0 0 0 0
50 23 0 0 0 0
51 12 0 0 0 0
58 42 14 6 0 0
61 688 231 5 0 0
63 904 226 8 0 0
65 119 39 4 0 0
74 10 5 3 0 0
75 154 41 37 0 0
76 78 39 0 0 0
83 18 0 0 0 0
84 9 0 0 0 0
86 36 0 0 0 0
98 27 9 2 0 0
108 14 7 4 0 0
111 4038 1348 8 0 0
112 2682 0 0 0 0
118 27 9 1 0 0
121 16 0 0 0 0
124 451 153 18 0 0
127 580 145 0 0 0
136 580 0 0 0 0
137 580 0 0 0 0
138 511 0 0 0 0
139 435 0 0 0 0
143 30 6 3 0 0
160 22 6 4 0 0
162 20 5 0 0 0
170 30 0 0 0 0
171 15 0 0 0 0
174 2 1 1 0 0
fn=_dl_start
83 1 0 0 0 0
84 1 0 0 0 0
111 120 40 6 0 0
112 78 0 0 0 0
116 2 1 0 0 0
124 31 10 4 0 0
136 27 0 0 0 0
137 18 0 0 0 0
139 18 0 0 0 0
fl=/build/glibc-OTsEL5/glibc-2.27/elf/get-dynamic-info.h
fn=_dl_map_object_from_fd
42 10 5 0 0 0
46 5 0 0 0 0
48 411 137 5 0 0
50 264 132 26 0 0
63 133 32 9 0 0
64 218 0 0 0 0
65 20 5 2 0 0
67 5 0 0 0 0
68 25 5 0 0 0
70 5 0 0 0 0
71 25 5 0 0 0
72 5 0 0 0 0
73 20 0 0 0 0
74 132 0 0 0 0
81 10 5 0 0 0
101 18 5 3 0 0
102 20 5 0 0 0
103 20 5 0 0 0
104 20 5 0 0 0
106 20 5 0 0 0
111 20 5 0 0 0
112 19 5 1 0 0
113 20 5 0 0 0
119 15 5 0 0 0
124 10 5 0 0 0
131 10 5 0 0 0
132 15 5 4 0 0
150 15 5 2 0 0
155 6 0 0 0 0
157 6 3 1 0 0
159 6 3 2 0 0
161 6 3 0 0 0
164 15 5 3 0 0
166 8 0 0 0 0
174 4 2 0 0 0
179 4 2 0 0 0
182 10 5 5 0 0
fn=_dl_start
48 57 19 1 0 0
50 36 18 8 0 0
63 21 5 3 0 0
64 29 0 0 0 0
65 4 1 1 0 0
67 3 0 0 0 0
68 5 1 1 0 0
70 2 0 0 0 0
71 5 1 0 0 0
72 1 0 0 0 0
73 5 0 0 0 0
74 18 0 0 0 0
81 2 1 0 0 0
101 4 1 0 0 0
102 4 1 0 0 0
103 4 1 0 0 0
104 4 1 0 0 0
106 4 1 0 0 0
111 4 1 0 0 0
112 4 1 0 0 0
113 4 1 0 0 0
119 3 1 0 0 0
124 2 1 0 0 0
131 3 1 0 0 0
132 3 1 0 0 0
140 3 1 1 0 0
143 3 1 1 0 0
147 2 1 0 0 0
148 2 1 0 0 0
fn=dl_main
33 1 0 0 0 0
42 2 1 0 0 0
46 1 0 0 0 0
48 84 28 14 0 0
50 54 27 11 0 0
63 25 6 1 0 0
64 42 0 0 0 0
65 4 1 1 0 0
67 1 0 0 0 0
68 5 1 1 0 0
70 1 0 0 0 0
71 5 1 0 0 0
72 1 0 0 0 0
73 4 0 0 0 0
74 27 0 0 0 0
81 3 1 0 0 0
101 3 1 1 0 0
102 4 1 0 0 0
103 4 1 0 0 0
104 4 1 0 0 0
106 4 1 0 0 0
111 4 1 1 0 0
112 4 1 0 0 0
113 4 1 0 0 0
119 3 1 0 0 0
124 2 1 0 0 0
131 2 1 0 0 0
132 3 1 0 0 0
150 3 1 0 0 0
155 2 0 0 0 0
157 2 1 1 0 0
159 2 1 1 0 0
161 2 1 0 0 0
162 1 0 0 0 0
164 3 1 0 0 0
166 3 0 0 0 0
174 2 1 0 0 0
179 2 1 0 0 0
180 2 0 0 0 0
182 2 1 1 0 0
fl=/build/glibc-OTsEL5/glibc-2.27/elf/rtld.c
fn=_dl_start
393 2 0 0 0 0
394 2 0 0 0 0
395 2 0 0 0 0
396 2 0 0 0 0
397 2 0 0 0 0
405 5 0 0 0 0
408 1 0 0 0 0
414 4 0 0 0 0
423 4 0 0 0 0
426 2 0 0 0 0
430 2 1 0 0 0
444 9 0 0 0 0
463 5 0 0 0 0
486 1 0 0 0 0
489 1 0 0 0 0
500 2 1 1 0 0
505 27 3 0 0 0
507 1 0 0 0 0
532 9 0 0 0 0
fn=dl_main
799 1 0 0 0 0
801 1 0 0 0 0
810 1 0 0 0 0
812 1 0 0 0 0
817 1 0 0 0 0
870 12 0 0 0 0
876 1 0 0 0 0
879 1 0 0 0 0
885 1 0 0 0 0
887 2 0 0 0 0
891 2 0 0 0 0
892 2 0 0 0 0
897 2 0 0 0 0
907 3 1 1 0 0
1108 8 0 0 0 0
1110 2 1 0 0 0
1111 1 0 0 0 0
1112 2 0 0 0 0
1113 2 0 0 0 0
1117 3 0 0 0 0
1118 2 1 0 0 0
1139 1 0 0 0 0
1140 1 0 0 0 0
1142 1 0 0 0 0
1144 1 0 0 0 0
1147 33 10 1 0 0
1148 71 35 13 0 0
1152 3 0 0 0 0
1153 1 0 0 0 0
1157 3 0 0 0 0
1158 1 0 0 0 0
1166 2 0 0 0 0
1167 2 0 0 0 0
1169 1 0 0 0 0
1176 2 1 0 0 0
1188 1 0 0 0 0
1194 2 0 0 0 0
1202 4 0 0 0 0
1203 10 0 0 0 0
1204 4 2 1 0 0
1205 1 0 0 0 0
1208 4 0 0 0 0
1209 4 2 0 0 0
1210 2 0 0 0 0
1211 6 3 1 0 0
1212 2 0 0 0 0
1239 2 0 0 0 0
1240 1 0 0 0 0
1243 2 0 0 0 0
1244 2 0 0 0 0
1245 1 0 0 0 0
1250 3 1 1 0 0
1253 2 1 1 0 0
1255 2 1 1 0 0
1257 3 1 0 0 0
1270 3 1 0 0 0
1271 6 1 0 0 0
1273 3 0 0 0 0
1276 2 0 0 0 0
1278 1 0 0 0 0
1279 1 0 0 0 0
1281 2 1 0 0 0
1282 2 0 0 0 0
1286 2 1 0 0 0
1288 2 1 0 0 0
1293 2 0 0 0 0
1296 2 1 0 0 0
1312 5 0 0 0 0
1318 10 3 1 0 0
1323 2 0 0 0 0
1326 4 0 0 0 0
1328 1 0 0 0 0
1333 2 1 0 0 0
1336 3 0 0 0 0
1337 4 0 0 0 0
1338 2 0 0 0 0
1339 1 0 0 0 0
1340 1 0 0 0 0
1341 1 0 0 0 0
1346 2 1 0 0 0
1347 5 0 0 0 0
1364 2 1 0 0 0
1365 2 1 0 0 0
1367 3 0 0 0 0
1369 1 0 0 0 0
1370 3 0 0 0 0
1375 4 1 1 0 0
1376 5 1 1 0 0
1378 2 0 0 0 0
1379 2 0 0 0 0
1384 2 1 1 0 0
1389 1 0 0 0 0
1390 4 1 0 0 0
1391 2 1 0 0 0
1570 2 0 0 0 0
1578 3 1 0 0 0
1581 2 0 0 0 0
1585 3 1 1 0 0
1590 2 0 0 0 0
1591 1 0 0 0 0
1592 1 0 0 0 0
1596 2 1 0 0 0
1611 3 1 0 0 0
1612 1 0 0 0 0
1613 1 0 0 0 0
1615 3 1 0 0 0
1617 5 0 0 0 0
1618 3 0 0 0 0
1619 4 0 0 0 0
1621 2 0 0 0 0
1631 5 1 0 0 0
1708 4 1 1 0 0
1712 8 0 0 0 0
1713 1 0 0 0 0
1716 3 0 0 0 0
1717 1 0 0 0 0
1718 2 1 0 0 0
1719 2 1 1 0 0
1725 5 0 0 0 0
1726 8 0 0 0 0
1727 4 0 0 0 0
1729 2 0 0 0 0
1732 17 8 6 0 0
1733 25 0 0 0 0
1736 3 0 0 0 0
1737 3 1 0 0 0
1738 1 0 0 0 0
1740 24 6 5 0 0
1741 20 6 1 0 0
1751 2 0 0 0 0
1753 3 0 0 0 0
1754 2 1 0 0 0
1756 2 0 0 0 0
1758 3 1 1 0 0
1760 3 1 1 0 0
1774 4 1 0 0 0
1775 2 0 0 0 0
1776 3 1 1 0 0
1787 4 0 0 0 0
1788 1 0 0 0 0
1789 6 0 0 0 0
1799 2 0 0 0 0
1800 2 1 0 0 0
1801 2 0 0 0 0
1803 2 1 0 0 0
1808 2 1 0 0 0
2038 3 1 1 0 0
2094 2 0 0 0 0
2098 2 0 0 0 0
2104 2 0 0 0 0
2107 2 1 1 0 0
2161 3 0 0 0 0
2168 1 0 0 0 0
2170 5 0 0 0 0
2171 1 0 0 0 0
2172 30 8 1 0 0
2174 14 0 0 0 0
2179 14 0 0 0 0
2181 16 8 2 0 0
2183 1 0 0 0 0
2184 1 0 0 0 0
2187 7 0 0 0 0
2189 14 7 1 0 0
2190 48 0 0 0 0
2194 18 9 5 0 0
2195 6 0 0 0 0
2197 4 0 0 0 0
2199 3 0 0 0 0
2205 2 1 1 0 0
2210 4 2 0 0 0
2212 1 0 0 0 0
2219 3 0 0 0 0
2222 2 1 1 0 0
2231 3 1 0 0 0
2233 4 2 0 0 0
2248 5 0 0 0 0
2250 1 0 0 0 0
2251 5 0 0 0 0
2252 4 0 0 0 0
2254 2 0 0 0 0
2262 1 0 0 0 0
2266 2 1 0 0 0
2286 4 0 0 0 0
2287 1 0 0 0 0
2288 1 0 0 0 0
2289 1 0 0 0 0
2293 1 0 0 0 0
2298 8 0 0 0 0
2464 2 0 0 0 0
2466 1 0 0 0 0
2467 1 0 0 0 0
2471 8 0 0 0 0
2473 15 3 1 0 0
2475 2 0 0 0 0
2477 105 42 14 0 0
2478 19 0 0 0 0
2480 4 2 0 0 0
2486 14 2 0 2 2
2507 2 1 0 0 0
2514 6 1 0 0 0
2516 3 0 0 0 0
2562 3 1 0 0 0
2563 6 1 1 0 0
2565 3 0 0 0 0
2635 3 1 0 0 0
2667 3 1 1 0 0
fn=handle_ld_preload
121 3 1 0 0 0
752 1 0 0 0 0
756 1 0 0 0 0
757 1 0 0 0 0
758 1 0 0 0 0
760 1 0 0 0 0
762 11 0 0 0 0
763 3 1 0 0 0
771 4 0 0 0 0
837 9 0 0 0 0
838 1 0 0 0 0
842 4 2 0 0 0
845 4 0 0 0 0
846 3 1 1 0 0
848 5 0 0 0 0
849 2 0 0 0 0
855 1 0 0 0 0
857 2 0 0 0 0
859 2 1 0 0 0
863 9 0 0 0 0
fn=init_tls
681 1 0 0 0 0
683 2 0 0 0 0
687 2 1 0 0 0
693 2 0 0 0 0
696 1 0 0 0 0
697 4 0 0 0 0
702 1 0 0 0 0
704 1 0 0 0 0
708 2 1 1 0 0
709 1 0 0 0 0
710 25 8 1 0 0
711 14 0 0 0 0
712 14 7 5 0 0
716 4 0 0 0 0
718 2 0 0 0 0
720 2 1 1 0 0
723 1 0 0 0 0
730 2 0 0 0 0
731 2 1 1 0 0
737 2 0 0 0 0
740 7 1 1 0 0
743 1 0 0 0 0
745 1 0 0 0 0
746 3 0 0 0 0
fn=map_doit
588 2 0 0 0 0
590 4 0 0 0 0
591 6 0 0 0 0
593 2 0 0 0 0
fn=rtld_lock_default_lock_recursive
784 6 0 0 0 0
785 6 0 0 0 0
fn=rtld_lock_default_unlock_recursive
790 6 0 0 0 0
791 6 0 0 0 0
fn=version_check_doit
621 2 0 0 0 0
623 6 1 1 0 0
627 2 0 0 0 0
fl=/build/glibc-OTsEL5/glibc-2.27/elf/setup-vdso.h
fn=dl_main
24 2 1 1 0 0
fl=/build/glibc-OTsEL5/glibc-2.27/io/../sysdeps/unix/sysv/linux/access.c
fn=access
27 7 1 1 0 0
31 1 0 0 0 0
fl=/build/glibc-OTsEL5/glibc-2.27/io/../sysdeps/unix/sysv/linux/close.c
fn=__close_nocancel
37 4 1 0 0 0
38 1 0 0 0 0
fn=close
27 24 6 0 0 0
28 6 0 0 0 0
fl=/build/glibc-OTsEL5/glibc-2.27/io/../sysdeps/unix/sysv/linux/open64.c
fn=__open_nocancel
58 5 0 0 0 0
61 7 2 0 0 0
69 7 1 0 0 0
71 5 1 0 0 0
fn=open
36 17 0 0 0 0
39 102 34 1 0 0
47 152 17 3 0 0
49 17 0 0 0 0
fl=/build/glibc-OTsEL5/glibc-2.27/io/../sysdeps/unix/sysv/linux/read.c
fn=read
27 20 5 0 0 0
28 5 0 0 0 0
fl=/build/glibc-OTsEL5/glibc-2.27/io/../sysdeps/unix/sysv/linux/wordsize-64/fxstat.c
fn=_fxstat
33 8 0 0 0 0
34 16 8 0 0 0
35 48 8 1 0 0
39 8 0 0 0 0
fl=/build/glibc-OTsEL5/glibc-2.27/io/../sysdeps/unix/sysv/linux/wordsize-64/lxstat.c
fn=open
39 17 0 0 0 0
fl=/build/glibc-OTsEL5/glibc-2.27/io/../sysdeps/unix/sysv/linux/wordsize-64/xstat.c
fn=_xstat
33 8 0 0 0 0
34 16 8 0 0 0
35 76 8 3 0 0
39 1 0 0 0 0
fl=/build/glibc-OTsEL5/glibc-2.27/io/../sysdeps/unix/sysv/linux/write.c
fn=write
26 7 0 0 0 0
27 17 2 1 0 0
28 5 0 0 0 0
fl=/build/glibc-OTsEL5/glibc-2.27/libio/../misc/sys/sysmacros.h
fn=_IO_file_doallocate
79 6 0 0 0 0
fl=/build/glibc-OTsEL5/glibc-2.27/libio/filedoalloc.c
fn=_IO_file_doallocate
78 8 0 0 0 0
84 9 2 0 1 1
86 4 1 1 0 0
89 2 1 0 0 0
91 2 0 0 0 0
94 2 0 0 0 0
97 4 1 0 0 0
101 3 0 0 0 0
102 2 1 0 0 0
103 1 0 0 0 0
104 4 0 0 0 0
105 1 0 0 0 0
106 8 1 1 0 0
fl=/build/glibc-OTsEL5/glibc-2.27/libio/fileops.c
fn=_IO_do_write@@GLIBC_2.2.5
431 16 0 0 0 0
433 10 2 1 0 0
434 9 0 0 0 0
442 2 1 0 0 0
449 4 1 1 0 0
457 5 0 0 1 1
458 5 2 0 0 0
460 4 0 0 0 0
461 2 0 0 0 0
462 1 0 0 0 0
463 2 1 1 0 0
464 3 1 0 0 0
fn=_IO_file_overflow@@GLIBC_2.2.5
746 72 0 0 0 0
747 36 12 0 0 0
754 57 23 4 0 0
757 2 1 1 0 0
759 2 0 0 0 0
760 6 0 0 0 0
769 2 1 1 0 0
778 4 1 0 0 0
780 1 0 0 0 0
781 2 0 0 0 0
782 1 0 0 0 0
783 2 0 0 0 0
785 3 0 0 0 0
786 5 2 0 0 0
787 1 0 0 0 0
789 24 12 3 0 0
790 4 0 0 0 0
791 2 0 0 0 0
792 20 10 0 0 0
795 30 0 0 0 0
796 30 10 0 0 0
797 50 20 0 0 0
802 46 0 0 0 0
fn=_IO_file_setbuf@@GLIBC_2.2.5
389 2 0 0 0 0
390 3 1 0 0 0
393 2 0 0 0 0
394 2 0 0 0 0
395 3 0 0 0 0
397 1 0 0 0 0
398 2 0 0 0 0
fn=_IO_file_stat
1169 1 0 0 0 0
1170 3 0 0 0 0
fn=_IO_file_sync@@GLIBC_2.2.5
807 4 0 0 0 0
812 4 1 1 0 0
814 1 0 0 0 0
815 2 1 1 0 0
830 2 0 0 0 0
834 4 0 0 0 0
fn=_IO_file_write@@GLIBC_2.2.5
1196 6 0 0 0 0
1198 8 2 1 0 0
1203 6 1 1 0 0
1204 2 1 0 0 0
1209 1 0 0 0 0
1210 1 0 0 0 0
1213 3 1 1 0 0
1216 9 0 0 0 0
fn=_IO_file_xsputn@@GLIBC_2.2.5
1220 42 0 0 0 0
1226 27 6 3 0 0
1227 6 0 0 0 0
1233 25 5 3 0 0
1235 8 0 0 0 0
1236 8 4 0 0 0
1239 37 15 7 0 0
1241 37 12 3 0 0
1243 1 0 0 0 0
1250 4 1 1 0 0
1254 12 1 1 0 0
1258 12 0 0 0 0
1259 4 0 0 0 0
1260 16 0 0 0 0
1262 8 4 1 0 0
1266 12 2 1 2 1
1272 4 0 0 0 0
1273 14 2 0 0 0
1275 4 2 0 0 0
1280 6 0 0 0 0
1286 6 2 2 0 0
1287 7 0 0 0 0
1290 54 0 0 0 0
fl=/build/glibc-OTsEL5/glibc-2.27/libio/genops.c
fn=_IO_cleanup
849 10 1 0 1 1
850 14 3 2 0 0
853 12 4 2 0 0
855 9 3 1 0 0
857 6 2 1 0 0
863 18 4 1 0 0
871 5 2 2 0 0
873 2 0 0 0 0
875 2 0 0 0 0
876 1 0 0 0 0
877 3 0 0 0 0
880 5 0 0 1 1
882 3 1 1 0 0
886 5 2 1 0 0
887 10 4 0 0 0
893 3 0 0 0 0
897 10 4 0 0 0
898 8 1 0 1 1
918 10 0 0 0 0
921 3 0 0 0 0
933 12 1 0 0 0
fn=_IO_default_setbuf
348 4 2 1 0 0
350 1 0 0 0 0
351 1 0 0 0 0
355 3 0 0 0 0
479 8 0 0 0 0
480 6 1 0 1 1
482 3 1 1 0 0
484 2 0 0 0 0
485 2 0 0 0 0
489 1 0 0 0 0
492 3 0 0 0 0
493 3 0 0 0 0
494 1 0 0 0 0
495 6 0 0 0 0
fn=_IO_default_xsputn
389 11 0 0 0 0
392 2 1 0 0 0
393 1 0 0 0 0
397 8 2 1 0 0
417 11 3 3 1 1
419 2 0 0 0 0
422 8 0 0 0 0
fn=_IO_doallocbuf
361 3 0 0 0 0
362 2 1 1 0 0
364 4 1 1 0 0
365 5 1 1 1 1
368 4 0 0 0 0
fn=_IO_enable_locks
548 3 1 0 0 0
550 1 0 0 0 0
551 8 4 1 0 0
552 3 0 0 0 0
553 1 0 0 0 0
1151 1 0 0 0 0
1165 3 0 0 0 0
fn=_IO_flush_all_lockp
749 11 0 0 0 0
750 1 0 0 0 0
754 11 1 1 1 1
755 14 3 2 0 0
758 12 4 2 0 0
760 3 0 0 0 0
761 6 3 3 0 0
762 1 0 0 0 0
764 22 6 0 0 0
772 6 3 2 0 0
774 3 0 0 0 0
778 10 4 0 0 0
779 9 1 0 1 1
783 12 1 0 0 0
fn=_IO_setb
347 3 0 0 0 0
348 4 1 1 0 0
350 1 0 0 0 0
351 1 0 0 0 0
353 6 0 0 0 0
356 3 0 0 0 0
fn=__overflow
217 18 0 0 0 0
219 27 9 3 0 0
221 27 0 0 9 1
222 18 0 0 0 0
fl=/build/glibc-OTsEL5/glibc-2.27/libio/libioP.h
fn=_IO_cleanup
870 4 0 0 0 0
872 2 0 0 0 0
873 2 1 0 0 0
fn=_IO_default_setbuf
870 3 0 0 0 0
872 2 0 0 0 0
873 2 1 0 0 0
fn=_IO_default_xsputn
870 4 0 0 0 0
872 2 0 0 0 0
873 2 1 0 0 0
fn=_IO_do_write@@GLIBC_2.2.5
873 2 1 0 0 0
fn=_IO_doallocbuf
870 3 0 0 0 0
872 2 0 0 0 0
873 2 1 0 0 0
fn=_IO_file_doallocate
870 3 0 0 0 0
872 2 0 0 0 0
873 2 1 0 0 0
fn=_IO_file_xsputn@@GLIBC_2.2.5
870 6 0 0 0 0
872 4 0 0 0 0
873 4 2 0 0 0
fn=_IO_flush_all_lockp
870 4 0 0 0 0
fn=__overflow
870 27 0 0 0 0
872 18 0 0 0 0
873 18 9 0 0 0
fl=/build/glibc-OTsEL5/glibc-2.27/malloc/arena.c
fn=arena_get2.part.3
673 14 7 1 0 0
692 28 0 0 0 0
694 14 7 0 0 0
703 63 0 0 0 0
705 7 0 0 0 0
707 21 0 0 0 0
710 7 0 0 0 0
711 7 0 0 0 0
712 14 7 0 0 0
713 14 0 0 0 0
714 7 0 0 0 0
715 28 0 0 0 0
717 7 0 0 0 0
718 14 0 0 0 0
719 7 0 0 0 0
720 7 0 0 0 0
722 63 14 0 0 0
725 14 0 0 0 0
730 7 0 0 0 0
732 35 21 0 0 0
734 49 14 0 0 0
736 35 21 1 0 0
748 49 14 2 0 0
872 35 0 0 0 0
882 28 7 2 0 0
884 21 7 1 0 0
886 14 7 2 0 0
907 21 7 2 0 0
909 49 14 2 0 0
912 14 7 2 0 0
919 35 0 0 0 0
fn=free
598 78 0 0 0 0
604 117 39 4 0 0
640 117 0 0 0 0
641 78 39 8 0 0
646 40 16 0 0 0
650 16 0 0 0 0
651 16 8 2 0 0
fn=get_free_list
759 7 0 0 0 0
760 14 7 2 0 0
785 14 0 0 0 0
fn=malloc_hook_ini
291 3 1 1 0 0
fn=new_heap
453 35 0 0 0 0
454 14 0 0 0 0
459 21 7 0 0 0
461 14 7 0 0 0
467 21 0 0 0 0
474 21 7 7 0 0
476 21 0 0 0 0
478 3 0 0 0 0
479 12 6 0 0 0
487 28 0 0 0 0
488 8 4 0 0 0
490 8 0 0 0 0
493 16 4 1 0 0
494 4 0 0 0 0
496 3 0 0 0 0
497 20 0 0 0 0
514 42 7 1 0 0
520 7 0 0 0 0
521 7 0 0 0 0
522 7 0 0 0 0
524 49 0 0 0 0
fn=ptmalloc_init.part.0
289 5 0 0 0 0
294 1 0 0 0 0
302 2 1 1 0 0
303 7 1 0 0 0
304 4 1 0 0 0
308 13 0 0 0 0
313 7 0 0 0 0
314 4 0 0 0 0
315 4 0 0 0 0
316 4 0 0 0 0
317 4 0 0 0 0
318 4 0 0 0 0
319 4 0 0 0 0
320 4 0 0 0 0
322 4 0 0 0 0
323 4 0 0 0 0
324 4 0 0 0 0
395 2 0 0 0 0
396 2 1 1 0 0
399 1 0 0 0 0
400 6 1 0 0 0
fn=realloc_hook_ini
291 3 1 0 0 0
fn=sysmalloc
535 2 0 0 0 0
fn=tcache_init.part.4
878 14 0 0 0 0
879 35 7 0 0 0
fl=/build/glibc-OTsEL5/glibc-2.27/malloc/hooks.c
fn=malloc_hook_ini
29 5 0 0 0 0
30 2 0 0 0 0
33 7 0 0 0 0
fn=realloc_hook_ini
37 9 0 0 0 0
38 3 0 0 0 0
39 2 0 0 0 0
42 7 0 0 0 0
fl=/build/glibc-OTsEL5/glibc-2.27/malloc/malloc.c
fn=_int_malloc
1887 2214 738 16 0 0
2929 506 253 10 0 0
2930 759 0 0 0 0
2931 253 0 0 0 0
2932 506 0 0 0 0
2940 681 0 0 0 0
2941 681 227 1 0 0
2942 454 227 0 0 0
2943 454 0 0 0 0
2944 227 0 0 0 0
3521 6755 0 0 0 0
3553 9649 2895 1 0 0
3557 5790 965 2 0 0
3581 1930 965 7 0 0
3583 6 0 0 0 0
3586 2 0 0 0 0
3588 4 2 2 0 0
3639 1930 963 8 0 0
3641 12493 0 0 0 0
3642 3844 0 0 0 0
3644 2883 961 15 0 0
3701 141 8 3 0 0
3702 12 4 0 0 0
3703 19220 0 0 0 0
3720 4809 0 0 0 0
3721 2895 0 0 0 0
3722 3860 965 8 0 0
3726 2895 0 0 0 0
3731 965 0 0 0 0
3732 3509 1272 127 0 0
3734 325 0 0 0 0
3735 975 325 3 0 0
3736 650 325 1 0 0
3739 325 0 0 0 0
3749 1296 648 64 0 0
3750 520 260 21 0 0
3751 314 27 11 0 0
3752 3860 0 0 0 0
3755 36 0 0 0 0
3756 18 0 0 0 0
3757 36 0 0 0 0
3758 18 0 0 0 0
3759 36 0 0 0 0
3760 36 18 5 0 0
3762 12 0 0 0 0
3763 12 0 0 0 0
3766 162 0 0 0 0
3768 54 0 0 0 0
3769 18 0 0 0 0
3772 18 0 0 0 0
3778 307 0 0 0 0
3779 307 0 0 0 0
3783 614 307 51 0 0
3785 253 0 0 0 0
3786 759 253 10 0 0
3787 218 0 0 0 0
3791 759 253 0 0 0
3792 3907 253 201 0 0
3795 253 0 0 0 0
3796 506 0 0 0 0
3812 108 54 18 0 0
3814 42 0 0 0 0
3815 84 0 0 0 0
3816 42 0 0 0 0
3820 301 61 19 0 0
3821 132 0 0 0 0
3822 66 0 0 0 0
3825 66 33 15 0 0
3828 3 0 0 0 0
3830 12 3 0 0 0
3831 6 3 2 0 0
3837 2 0 0 0 0
3838 2 0 0 0 0
3839 3 0 0 0 0
3843 10 2 0 0 0
3844 4 2 2 0 0
3850 2 2 1 0 0
3853 2 0 0 0 0
3856 2 0 0 0 0
3857 2 0 0 0 0
3858 1 0 0 0 0
3859 2 0 0 0 0
3861 4 0 0 0 0
3865 120 0 0 0 0
3868 324 0 0 0 0
3869 54 0 0 0 0
3870 54 0 0 0 0
3871 54 0 0 0 0
3872 54 0 0 0 0
3877 54 0 0 0 0
3878 108 54 20 0 0
3879 1013 24 10 0 0
3887 270 54 7 0 0
3893 1894 947 12 0 0
3895 227 0 0 0 0
3904 1440 720 12 0 0
3906 20 0 0 0 0
3909 12 4 4 0 0
3977 1440 0 0 0 0
3978 1440 0 0 0 0
3979 1440 0 0 0 0
3980 1440 0 0 0 0
3981 1440 0 0 0 0
3986 1520 752 28 0 0
3990 5659 2120 567 0 0
3993 7763 2107 17 0 0
3995 76 0 0 0 0
3996 38 0 0 0 0
4000 784 392 35 0 0
4002 355 0 0 0 0
4004 710 355 17 0 0
4008 37 0 0 0 0
4011 74 37 16 0 0
4013 70 0 0 0 0
4014 14 0 0 0 0
4015 14 0 0 0 0
4020 69 0 0 0 0
4023 46 23 0 0 0
4025 46 0 0 0 0
4028 453 136 9 0 0
4031 46 23 3 0 0
4041 23 0 0 0 0
4046 23 0 0 0 0
4047 46 23 0 0 0
4049 23 0 0 0 0
4050 23 0 0 0 0
4051 23 0 0 0 0
4052 23 0 0 0 0
4055 46 23 1 0 0
4056 22 0 0 0 0
4057 46 23 1 0 0
4059 10 0 0 0 0
4060 10 0 0 0 0
4062 207 0 0 0 0
4064 69 0 0 0 0
4065 46 0 0 0 0
4090 697 0 0 0 0
4091 1394 0 0 0 0
4093 2093 697 8 0 0
4095 1390 0 0 0 0
4096 695 0 0 0 0
4097 695 0 0 0 0
4098 6255 0 0 0 0
4100 2085 0 0 0 0
4103 718 0 0 0 0
4110 6 2 2 0 0
4125 8 0 0 0 0
4126 4 2 0 0 0
4131 8686 0 0 0 0
fn=arena_get2.part.3
1816 3521 0 0 0 0
1817 2646 217 18 0 0
1821 21 7 0 0 0
1823 7 0 0 0 0
1826 7 0 0 0 0
fn=calloc
3366 35 0 0 0 0
3376 14 0 0 0 0
3379 14 0 0 0 0
3381 21 7 3 0 0
3389 14 0 0 0 0
3390 14 7 0 0 0
3402 21 7 0 0 0
3404 28 7 2 0 0
3407 77 21 2 0 0
3414 7 0 0 0 0
3415 14 0 0 0 0
3422 21 7 1 0 0
3436 28 0 0 0 0
3438 70 28 11 0 0
3441 21 7 2 0 0
3450 14 7 2 0 0
3451 35 21 0 0 0
3455 28 7 0 0 0
3458 7 0 0 0 0
3461 14 7 2 0 0
3469 7 0 0 0 0
3472 42 14 0 0 0
3483 7 0 0 0 0
3484 14 0 0 0 0
3485 14 7 0 0 0
3487 14 7 1 0 0
3488 35 0 0 0 0
3513 49 0 0 0 0
fn=free
1894 2826 942 0 0 0
2829 4 0 0 0 0
2831 2 1 1 0 0
2835 4 2 2 0 0
2838 3 0 0 0 0
2839 1 0 0 0 0
2845 7 1 0 0 0
2848 1 1 0 0 0
2849 3 1 0 0 0
2854 2 0 0 0 0
2929 3353088 1117696 0 0 0
2930 2235392 0 0 0 0
2931 1117696 0 0 0 0
2932 3353088 0 0 0 0
3086 12305040 0 0 0 0
3091 2237280 0 0 0 0
3092 2237280 1118640 0 0 0
3098 2237280 1118640 1 0 0
3101 1118639 0 0 0 0
3103 3355917 1118639 1 0 0
3107 4 1 1 0 0
3109 4 2 1 0 0
3110 4 2 2 0 0
3112 2 0 0 0 0
3113 2 0 0 0 0
3114 1 0 0 0 0
3121 3355914 1118638 1 0 0
3123 7661402 1118638 43664 0 0
3125 12305040 1118640 190 0 0
4149 2237276 0 0 0 0
4155 4474552 1118638 2 0 0
4156 2237276 1118638 0 0 0
4160 4474552 2237276 0 0 0
4167 2237276 0 0 0 0
4169 3355914 1118638 0 0 0
4170 2237276 1118638 1 0 0
4171 4474548 1118637 1234 0 0
4184 1884 942 3 0 0
4259 1884 942 0 0 0
4262 3768 942 2 0 0
4263 942 0 0 0 0
4266 8469 1882 0 0 0
4268 942 0 0 0 0
4272 2826 942 0 0 0
4275 2050 1025 52 0 0
4277 249 0 0 0 0
4280 2826 942 0 0 0
4283 1884 0 0 0 0
4284 1884 942 0 0 0
4285 1884 942 1 0 0
4291 1884 942 299 0 0
4292 309 0 0 0 0
4293 309 0 0 0 0
4294 309 0 0 0 0
4295 5017 1333 100 0 0
4298 1884 942 65 0 0
4303 2640 880 235 0 0
4304 4661 1343 85 0 0
4305 303 0 0 0 0
4307 1731 0 0 0 0
4315 880 0 0 0 0
4316 880 0 0 0 0
4317 1760 880 2 0 0
4319 880 0 0 0 0
4320 880 0 0 0 0
4321 1760 880 82 0 0
4323 189 0 0 0 0
4324 189 0 0 0 0
4326 880 0 0 0 0
4327 880 0 0 0 0
4329 2640 0 0 0 0
4330 880 0 0 0 0
4341 62 0 0 0 0
4342 186 0 0 0 0
4343 124 0 0 0 0
4360 1884 942 11 0 0
4361 168 56 4 0 0
4364 168 56 12 0 0
4366 85 17 0 0 0
4368 3 0 0 0 0
4373 117 0 0 0 0
4375 78 39 4 0 0
4376 39 0 0 0 0
4380 1884 942 6 0 0
4381 5646 2823 4 0 0
fn=malloc
2941 2235390 1117695 0 0 0
2943 2235390 0 0 0 0
2944 1117695 0 0 0 0
2983 35 7 0 0 0
3028 3355935 0 0 0 0
3033 2237290 0 0 0 0
3034 2237290 1118645 2 0 0
3035 2 0 0 1 1
3039 12305082 3355932 15 0 0
3040 3355932 0 0 0 0
3042 4474576 1118644 10 0 0
3045 2237295 1118644 326 0 0
3047 1118670 7 0 0 0
3048 3355926 1118642 963 0 0
3055 3796 949 4 0 0
3057 24 0 0 0 0
3058 40 17 4 0 0
3063 10373 2829 2 0 0
3065 3772 0 0 0 0
3068 1886 943 0 0 0
3076 4715 2829 2 0 0
3078 12028 3772 969 0 0
3081 5593223 0 0 0 0
fn=malloc_hook_ini
2983 5 1 0 0 0
3034 2 1 1 0 0
3039 11 3 1 0 0
3040 2 0 0 0 0
3042 4 1 1 0 0
3045 3 1 0 0 0
3055 4 1 0 0 0
3057 4 0 0 0 0
3058 7 3 1 0 0
fn=ptmalloc_init.part.0
1816 498 0 0 0 0
1817 384 31 10 0 0
1825 1 0 0 0 0
1826 1 0 0 0 0
1828 2 0 0 0 0
fn=realloc
3130 7 0 0 0 0
3137 2 0 0 0 0
3138 2 1 1 0 0
3139 2 0 0 1 1
3249 7 0 0 0 0
fn=realloc_hook_ini
3138 2 1 0 0 0
3142 6 1 1 0 0
3149 2 1 1 0 0
3150 2 0 0 0 0
fn=sysmalloc
2274 16 0 0 0 0
2294 4 0 0 0 0
2305 4 2 0 0 0
2306 7 2 1 0 0
2307 3 1 0 0 0
2321 8 0 0 0 0
2327 2 1 1 0 0
2329 7 0 0 0 0
2331 2 1 1 0 0
2346 3 1 0 0 0
2361 1 0 0 0 0
2362 3 0 0 0 0
2367 3 1 0 0 0
2368 5 2 0 0 0
2371 3 1 0 0 0
2372 5 2 0 0 0
2387 1 0 0 0 0
2388 3 0 0 0 0
2389 1 0 0 0 0
2398 4 2 1 0 0
2404 4 1 0 0 0
2407 3 1 1 0 0
2460 3 0 0 0 0
2468 2 1 1 0 0
2469 1 0 0 0 0
2479 6 0 0 0 0
2487 2 1 1 0 0
2489 5 0 0 1 1
2490 1 0 0 0 0
2493 3 1 0 0 0
2496 4 0 0 0 0
2497 2 1 0 0 0
2541 3 0 0 0 0
2543 2 1 1 0 0
2544 2 0 0 0 0
2545 3 0 0 0 0
2551 2 1 1 0 0
2554 4 2 1 0 0
2588 2 1 1 0 0
2594 3 1 1 0 0
2616 2 0 0 0 0
2617 6 0 0 0 0
2619 2 1 0 0 0
2620 4 0 0 1 1
2632 3 1 1 0 0
2640 2 0 0 0 0
2641 4 1 0 0 0
2679 1 0 0 0 0
2680 4 0 0 0 0
2681 2 0 0 0 0
2692 2 1 1 0 0
2724 2 1 0 0 0
2725 1 0 0 0 0
2730 2 0 0 0 0
2733 2 1 0 0 0
2735 1 0 0 0 0
2736 1 0 0 0 0
2737 1 0 0 0 0
2738 8 0 0 0 0
2739 2 0 0 0 0
2741 2 0 0 0 0
2747 18 0 0 0 0
fn=systrim.isra.1.constprop.11
2760 5 0 0 0 0
2770 1 0 0 0 0
2771 3 0 0 0 0
2773 1 0 0 0 0
2774 2 1 0 0 0
2775 1 0 0 0 0
2778 3 0 0 0 0
2780 3 1 1 0 0
2824 6 0 0 0 0
fn=tcache_init.part.4
2977 8 0 0 0 0
2986 38 10 3 0 0
2987 39 0 0 0 0
2988 16 8 2 0 0
2995 21 7 0 0 0
2996 39 23 2 0 0
3003 16 8 0 0 0
3005 16 0 0 0 0
3006 640 576 23 0 0
3009 16 0 0 0 0
fl=/build/glibc-OTsEL5/glibc-2.27/malloc/morecore.c
fn=__default_morecore
46 2 0 0 0 0
47 2 0 0 0 0
49 6 0 0 0 0
52 4 0 0 0 0
fl=/build/glibc-OTsEL5/glibc-2.27/misc/../sysdeps/unix/syscall-template.S
fn=mprotect
78 104 26 0 0 0
79 26 0 0 0 0
fn=munmap
78 28 7 0 0 0
79 7 0 0 0 0
fl=/build/glibc-OTsEL5/glibc-2.27/misc/../sysdeps/unix/sysv/linux/getpagesize.c
fn=getpagesize
28 32 8 0 0 0
30 8 0 0 0 0
fl=/build/glibc-OTsEL5/glibc-2.27/misc/../sysdeps/unix/sysv/linux/getsysstats.c
fn=get_nprocs_conf
237 9 0 0 0 0
242 3 0 0 0 0
243 3 1 0 0 0
245 1 0 0 0 0
248 108 27 3 0 0
250 173 112 40 0 0
253 51 0 0 0 0
254 50 20 2 0 0
255 16 0 0 0 0
258 2 0 0 0 0
282 11 1 0 0 0
fl=/build/glibc-OTsEL5/glibc-2.27/misc/../sysdeps/unix/sysv/linux/mmap64.c
fn=mmap
41 360 0 0 0 0
44 60 30 0 0 0
47 110 55 22 0 0
52 300 30 1 0 0
54 210 0 0 0 0
fl=/build/glibc-OTsEL5/glibc-2.27/misc/../sysdeps/unix/sysv/linux/x86_64/brk.c
fn=brk
31 16 2 0 0 0
33 4 2 0 0 0
39 2 0 0 0 0
40 2 0 0 0 0
fl=/build/glibc-OTsEL5/glibc-2.27/misc/../sysdeps/unix/sysv/linux/x86_64/clone.S
fn=clone
52 7 0 0 0 0
53 7 0 0 0 0
54 7 7 0 0 0
55 7 0 0 0 0
56 7 7 2 0 0
59 7 0 0 0 0
60 7 0 0 0 0
64 7 0 0 0 0
67 7 0 0 0 0
68 7 0 0 0 0
69 7 0 0 0 0
70 7 0 0 0 0
71 7 0 0 0 0
76 7 0 0 0 0
78 14 0 0 0 0
79 14 14 0 0 0
80 14 14 1 0 0
82 7 0 0 0 0
90 7 0 0 0 0
93 7 0 0 0 0
94 7 0 0 0 0
95 7 0 0 7 1
fl=/build/glibc-OTsEL5/glibc-2.27/misc/init-misc.c
fn=__init_misc
30 3 0 0 0 0
31 6 2 0 0 0
33 3 0 0 0 0
37 5 0 0 0 0
38 3 0 0 0 0
40 4 0 0 0 0
fl=/build/glibc-OTsEL5/glibc-2.27/misc/sbrk.c
fn=sbrk
32 8 0 0 0 0
40 11 3 2 0 0
41 5 1 0 0 0
44 4 2 1 0 0
48 6 2 0 0 0
56 4 1 0 0 0
60 10 0 0 0 0
fl=/build/glibc-OTsEL5/glibc-2.27/nptl/../include/list.h
fn=__pthread_initialize_minimal
44 1 0 0 0 0
45 1 0 0 0 0
46 1 0 0 0 0
48 1 0 0 0 0
fn=pthread_create@@GLIBC_2.2.5
44 14 0 0 0 0
45 14 0 0 0 0
46 7 0 0 0 0
48 7 0 0 0 0
fl=/build/glibc-OTsEL5/glibc-2.27/nptl/../nptl/pthread_mutex_lock.c
fn=pthread_mutex_lock
64 2 0 0 0 0
65 6 0 0 0 0
67 2 0 0 0 0
69 4 2 0 0 0
73 8 2 2 0 0
82 4 2 0 0 0
93 8 2 1 0 0
97 2 0 0 0 0
100 4 2 1 0 0
113 6 2 2 0 0
115 6 2 0 0 0
116 4 0 0 0 0
154 2 0 0 0 0
157 2 0 0 0 0
159 2 0 0 0 0
162 2 0 0 0 0
164 2 0 0 0 0
165 4 0 0 0 0
fl=/build/glibc-OTsEL5/glibc-2.27/nptl/../sysdeps/unix/sysv/linux/createthread.c
fn=pthread_create@@GLIBC_2.2.5
55 14 7 0 0 0
56 14 7 0 0 0
59 7 0 0 0 0
100 91 7 2 0 0
116 21 7 2 0 0
139 14 7 0 0 0
fl=/build/glibc-OTsEL5/glibc-2.27/nptl/../sysdeps/unix/sysv/linux/pthread-pids.h
fn=__pthread_initialize_minimal
29 4 0 0 0 0
fl=/build/glibc-OTsEL5/glibc-2.27/nptl/../sysdeps/unix/sysv/linux/pthread_getaffinity.c
fn=pthread_getaffinity_np@@GLIBC_2.3.4
31 3 0 0 0 0
35 6 0 0 0 0
37 2 1 1 0 0
41 6 0 0 0 0
43 1 0 0 0 0
44 2 0 0 0 0
fl=/build/glibc-OTsEL5/glibc-2.27/nptl/../sysdeps/unix/sysv/linux/x86/elision-conf.c
fn=elision_init
107 5 0 0 0 0
112 5 0 0 0 0
114 4 0 0 0 0
116 4 0 0 0 0
118 4 0 0 0 0
120 4 0 0 0 0
124 3 1 0 0 0
125 1 0 0 0 0
126 6 1 0 0 0
fl=/build/glibc-OTsEL5/glibc-2.27/nptl/../sysdeps/unix/sysv/linux/x86_64/cancellation.S
fn=__libc_disable_asynccancel
88 1 0 0 0 0
89 1 1 0 0 0
91 1 0 0 0 0
92 1 0 0 0 0
93 1 0 0 0 0
94 1 0 0 0 0
96 1 1 0 0 0
98 1 0 0 0 0
99 1 0 0 0 0
100 1 0 0 0 0
101 1 1 0 0 0
102 1 0 0 0 0
fn=__libc_enable_asynccancel
59 1 0 0 0 0
60 1 0 0 0 0
61 1 0 0 0 0
62 1 0 0 0 0
63 1 1 0 0 0
65 1 0 0 0 0
67 1 1 0 0 0
69 1 0 0 0 0
70 1 0 0 0 0
71 1 1 0 0 0
73 1 0 0 0 0
fl=/build/glibc-OTsEL5/glibc-2.27/nptl/../sysdeps/unix/sysv/linux/x86_64/sigaction.c
fn=__libc_sigaction
47 10 0 0 0 0
51 4 2 0 0 0
53 4 0 0 0 0
54 34 0 0 0 0
55 8 0 0 0 0
57 4 0 0 0 0
62 24 4 1 0 0
65 4 2 2 0 0
73 10 2 0 0 0
fl=/build/glibc-OTsEL5/glibc-2.27/nptl/alloca_cutoff.c
fn=__libc_alloca_cutoff
28 9 1 1 0 0
35 1 0 0 0 0
fl=/build/glibc-OTsEL5/glibc-2.27/nptl/allocatestack.c
fn=pthread_create@@GLIBC_2.2.5
151 28 0 0 0 0
159 7 0 0 0 0
176 28 7 2 0 0
184 28 7 2 0 0
209 14 14 2 0 0
357 7 0 0 0 0
361 56 7 3 0 0
411 28 0 0 0 0
413 28 7 0 0 0
418 21 7 0 0 0
422 28 7 3 0 0
423 7 0 0 0 0
424 14 14 3 0 0
428 14 7 0 0 0
525 14 0 0 0 0
526 42 0 0 0 0
529 14 0 0 0 0
530 14 7 0 0 0
534 35 0 0 0 0
535 35 14 0 0 0
539 21 7 0 0 0
540 21 0 0 0 0
541 7 0 0 0 0
556 42 0 0 0 0
563 63 0 0 0 0
566 21 7 0 0 0
571 21 7 0 0 0
575 14 0 0 0 0
584 14 7 0 0 0
596 14 0 0 0 0
597 14 0 0 0 0
600 7 0 0 0 0
605 14 0 0 0 0
608 14 0 0 0 0
610 21 0 0 0 0
624 7 0 0 0 0
627 35 7 0 0 0
640 28 7 2 0 0
643 7 0 0 0 0
645 14 14 2 0 0
652 21 7 2 0 0
679 21 7 2 0 0
708 35 7 0 0 0
746 7 0 0 0 0
751 7 0 0 0 0
756 7 0 0 0 0
759 7 0 0 0 0
761 14 0 0 0 0
763 7 0 0 0 0
773 21 0 0 0 0
fl=/build/glibc-OTsEL5/glibc-2.27/nptl/cleanup_defer_compat.c
fn=_pthread_cleanup_pop_restore
62 3 0 0 0 0
65 6 0 0 0 0
68 9 3 0 0 0
91 6 3 3 0 0
92 3 0 0 0 0
fn=_pthread_cleanup_push_defer
28 3 0 0 0 0
29 3 0 0 0 0
30 6 0 0 0 0
32 3 0 0 0 0
35 6 3 2 0 0
52 9 0 0 0 0
54 3 0 0 0 0
55 3 0 0 0 0
fl=/build/glibc-OTsEL5/glibc-2.27/nptl/forward.c
fn=pthread_attr_init@@GLIBC_2.2.5
66 7 1 0 1 1
fn=pthread_attr_setdetachstate
72 7 1 0 1 1
fl=/build/glibc-OTsEL5/glibc-2.27/nptl/libc_pthread_init.c
fn=__libc_pthread_init
43 2 0 0 0 0
45 1 0 0 0 0
48 6 0 0 0 0
67 161 53 8 0 0
70 159 0 0 0 0
71 53 0 0 0 0
73 1 0 0 0 0
79 3 0 0 0 0
fl=/build/glibc-OTsEL5/glibc-2.27/nptl/nptl-init.c
fn=__pthread_initialize_minimal
285 7 0 0 0 0
287 1 0 0 0 0
289 2 0 0 0 0
290 1 0 0 0 0
294 3 0 0 0 0
300 2 0 0 0 0
302 1 0 0 0 0
304 1 0 0 0 0
308 3 0 0 0 0
356 3 0 0 0 0
359 2 0 0 0 0
360 1 0 0 0 0
364 6 0 0 0 0
374 2 0 0 0 0
375 19 16 10 0 0
376 4 0 0 0 0
381 2 0 0 0 0
382 1 0 0 0 0
383 4 0 0 0 0
393 2 0 0 0 0
397 6 0 0 0 0
405 3 0 0 0 0
408 4 1 1 0 0
410 1 0 0 0 0
412 6 0 0 0 0
417 5 1 0 0 0
418 3 1 0 0 0
422 1 0 0 0 0
425 3 0 0 0 0
429 2 0 0 0 0
430 3 0 0 0 0
435 7 0 0 0 0
436 4 1 1 0 0
437 2 0 0 0 0
438 1 0 0 0 0
439 2 2 1 0 0
444 2 0 0 0 0
445 2 0 0 0 0
446 1 0 0 0 0
447 1 0 0 0 0
448 3 1 1 0 0
451 2 0 0 0 0
454 2 0 0 0 0
456 2 0 0 0 0
460 1 0 0 0 0
462 4 0 0 0 0
466 1 0 0 0 0
467 8 1 0 0 0
fl=/build/glibc-OTsEL5/glibc-2.27/nptl/pthread_attr_init.c
fn=pthread_attr_init@@GLIBC_2.2.5
33 2 0 0 0 0
42 5 0 0 0 0
47 3 0 0 0 0
50 3 0 0 0 0
fl=/build/glibc-OTsEL5/glibc-2.27/nptl/pthread_attr_setdetachstate.c
fn=pthread_attr_setdetachstate
31 2 1 1 0 0
37 1 0 0 0 0
41 2 0 0 0 0
fl=/build/glibc-OTsEL5/glibc-2.27/nptl/pthread_create.c
fn=pthread_create@@GLIBC_2.2.5
593 42 7 0 0 0
610 105 0 0 0 0
615 14 0 0 0 0
616 21 7 2 0 0
663 7 0 0 0 0
666 7 0 0 0 0
672 14 0 0 0 0
673 7 0 0 0 0
676 7 0 0 0 0
677 28 0 0 0 0
678 21 0 0 0 0
683 28 0 0 0 0
686 28 0 0 0 0
691 14 0 0 0 0
692 14 0 0 0 0
696 14 0 0 0 0
701 14 0 0 0 0
711 14 0 0 0 0
714 14 7 0 0 0
735 14 7 1 0 0
736 2 0 0 0 0
739 14 0 0 0 0
741 7 0 0 0 0
751 7 7 0 0 0
756 7 0 0 0 0
837 14 7 2 0 0
847 21 0 0 0 0
851 14 7 0 0 0
855 84 7 0 0 0
fn=start_thread
378 56 0 0 0 0
384 28 0 0 0 0
385 7 0 0 0 0
389 21 0 0 0 0
392 7 0 0 0 0
395 28 14 0 0 0
406 35 0 0 0 0
415 14 7 0 0 0
431 7 0 0 0 0
432 7 0 0 0 0
435 21 0 0 0 0
436 14 7 0 0 0
439 14 0 0 0 0
445 21 7 2 0 0
460 14 0 0 0 0
463 14 0 0 7 1
fl=/build/glibc-OTsEL5/glibc-2.27/nptl/pthread_key_create.c
fn=pthread_key_create
26 2 0 0 0 0
28 10 1 0 0 0
30 3 0 0 0 0
32 10 5 1 0 0
34 6 2 0 0 0
38 6 0 0 0 0
41 2 0 0 0 0
44 4 0 0 0 0
fl=/build/glibc-OTsEL5/glibc-2.27/nptl/pthread_key_delete.c
fn=pthread_key_delete
29 2 1 0 0 0
31 5 0 0 0 0
33 2 1 1 0 0
34 4 1 1 0 0
37 1 0 0 0 0
41 1 0 0 0 0
fl=/build/glibc-OTsEL5/glibc-2.27/nptl/pthread_mutex_unlock.c
fn=pthread_mutex_unlock
38 6 0 0 0 0
39 6 2 0 0 0
43 4 2 2 0 0
48 2 0 0 0 0
51 2 0 0 0 0
54 6 4 2 0 0
56 2 0 0 0 0
60 4 2 1 0 0
66 8 2 0 0 0
70 6 2 2 0 0
73 4 2 2 0 0
344 2 0 0 0 0
346 4 0 0 0 0
fl=/build/glibc-OTsEL5/glibc-2.27/nptl/pthread_self.c
fn=pthread_self
25 1 0 0 0 0
26 1 0 0 0 0
fl=/build/glibc-OTsEL5/glibc-2.27/nptl/pthread_setspecific.c
fn=pthread_setspecific
26 12 0 0 0 0
33 2 0 0 0 0
37 4 2 0 0 0
40 16 2 1 0 0
42 2 0 0 0 0
44 6 0 0 0 0
47 4 2 0 0 0
82 2 0 0 0 0
87 4 0 0 0 0
88 2 0 0 0 0
90 2 0 0 0 0
91 12 0 0 0 0
fl=/build/glibc-OTsEL5/glibc-2.27/nptl/register-atfork.c
fn=__register_atfork
46 2 0 0 0 0
53 2 0 0 0 0
54 6 1 0 0 0
73 1 0 0 0 0
74 4 0 0 0 0
85 7 0 0 0 0
87 6 2 2 0 0
94 1 0 0 0 0
95 1 0 0 0 0
96 1 0 0 0 0
97 1 0 0 0 0
103 4 2 2 0 0
105 3 0 0 0 0
106 5 0 0 0 0
115 2 0 0 0 0
116 6 2 1 0 0
fl=/build/glibc-OTsEL5/glibc-2.27/nptl/unregister-atfork.c
fn=__unregister_atfork
28 35 0 0 0 0
36 5 0 0 0 0
39 20 10 0 0 0
40 15 5 2 0 0
45 5 0 0 0 0
121 30 5 0 0 0
fl=/build/glibc-OTsEL5/glibc-2.27/posix/../posix/sched_cpucount.c
fn=popcount_cpucount
24 1 0 0 0 0
26 2 0 0 0 0
28 6 2 0 0 0
30 1 0 0 0 0
33 3 0 0 0 0
fl=/build/glibc-OTsEL5/glibc-2.27/posix/../sysdeps/posix/sysconf.c
fn=sysconf
54 6 1 0 1 1
628 3 0 0 0 0
fl=/build/glibc-OTsEL5/glibc-2.27/posix/../sysdeps/unix/syscall-template.S
fn=uname
78 4 1 0 0 0
79 1 0 0 0 0
fl=/build/glibc-OTsEL5/glibc-2.27/posix/../sysdeps/unix/sysv/linux/_exit.c
fn=_Exit
27 2 0 0 0 0
31 4 0 0 0 0
33 2 0 0 0 0
fl=/build/glibc-OTsEL5/glibc-2.27/posix/../sysdeps/unix/sysv/linux/x86/../sysconf.c
fn=sysconf
72 5 3 2 0 0
fl=/build/glibc-OTsEL5/glibc-2.27/posix/../sysdeps/unix/sysv/linux/x86/sysconf.c
fn=sysconf
32 9 0 0 0 0
33 3 1 0 0 0
37 10 1 0 0 0
fl=/build/glibc-OTsEL5/glibc-2.27/posix/../sysdeps/x86_64/multiarch/sched_cpucount.c
fn=__sched_cpucount
35 6 0 0 0 0
fl=/build/glibc-OTsEL5/glibc-2.27/resource/../sysdeps/unix/sysv/linux/getrlimit64.c
fn=getrlimit
37 1 0 0 0 0
38 7 1 0 0 0
39 1 0 0 0 0
fl=/build/glibc-OTsEL5/glibc-2.27/setjmp/../sysdeps/x86_64/bsd-_setjmp.S
fn=_setjmp
30 8 0 0 0 0
32 8 0 0 0 0
fl=/build/glibc-OTsEL5/glibc-2.27/setjmp/../sysdeps/x86_64/setjmp.S
fn=__sigsetjmp
26 19 0 0 0 0
35 19 0 0 0 0
36 38 0 0 0 0
37 19 0 0 0 0
41 19 0 0 0 0
42 19 0 0 0 0
43 19 0 0 0 0
44 19 0 0 0 0
45 19 0 0 0 0
47 38 0 0 0 0
49 19 0 0 0 0
50 19 0 0 0 0
51 19 0 0 0 0
53 38 0 0 0 0
55 19 0 0 0 0
59 11 0 0 0 0
60 11 0 0 0 0
63 8 0 0 0 0
fl=/build/glibc-OTsEL5/glibc-2.27/setjmp/sigjmp.c
fn=__sigjmp_save
28 16 0 0 0 0
29 24 8 3 0 0
34 24 0 0 0 0
fl=/build/glibc-OTsEL5/glibc-2.27/stdio-common/../include/../locale/localeinfo.h
fn=__printf_fp_l
309 3 0 0 0 0
fl=/build/glibc-OTsEL5/glibc-2.27/stdio-common/../include/rounding-mode.h
fn=__printf_fp_l
52 2 1 1 0 0
fl=/build/glibc-OTsEL5/glibc-2.27/stdio-common/../libio/libioP.h
fn=vfprintf
870 5 0 0 0 0
872 17 0 0 0 0
873 12 6 0 0 0
fl=/build/glibc-OTsEL5/glibc-2.27/stdio-common/../sysdeps/generic/get-rounding-mode.h
fn=__printf_fp_l
94 1 0 0 0 0
95 7 3 1 0 0
fl=/build/glibc-OTsEL5/glibc-2.27/stdio-common/../sysdeps/pthread/allocalim.h
fn=__printf_fp_l
27 2 0 0 0 0
29 2 1 1 0 0
fl=/build/glibc-OTsEL5/glibc-2.27/stdio-common/_itoa.c
fn=_itoa_word
168 8 0 0 0 0
170 4 2 2 0 0
179 100 8 6 0 0
188 4 0 0 0 0
fl=/build/glibc-OTsEL5/glibc-2.27/stdio-common/printf-parse.h
fn=vfprintf
108 19 0 0 0 0
fl=/build/glibc-OTsEL5/glibc-2.27/stdio-common/printf_fp.c
fn=__printf_fp
1271 1 0 0 0 0
1272 5 0 0 0 0
fn=__printf_fp_l
170 18 6 4 0 0
172 30 6 0 0 0
180 12 6 0 0 0
184 36 0 0 0 0
186 24 0 0 0 0
187 6 0 0 0 0
189 12 0 0 0 0
190 48 12 3 0 0
201 24 0 0 0 0
202 18 6 4 0 0
203 24 0 0 0 0
213 16 0 0 0 0
230 1 0 0 0 0
231 1 0 0 0 0
254 1 0 0 0 0
257 1 0 0 0 0
263 6 0 0 0 0
270 2 0 0 0 0
273 3 1 0 0 0
276 2 0 0 0 0
294 2 1 0 0 0
302 1 0 0 0 0
383 3 1 1 0 0
388 2 1 1 0 0
392 23 2 0 0 0
428 7 0 0 0 0
429 1 0 0 0 0
430 2 0 0 0 0
433 6 0 0 0 0
434 4 0 0 0 0
435 4 0 0 0 0
441 1 0 0 0 0
442 2 1 0 0 0
445 1 0 0 0 0
455 2 0 0 0 0
456 2 0 0 0 0
459 7 1 1 0 0
467 4 0 0 0 0
468 1 0 0 0 0
470 6 0 0 0 0
471 10 0 0 0 0
472 2 1 0 0 0
473 5 0 0 0 0
475 2 1 1 0 0
480 13 0 0 0 0
484 65 13 5 0 0
486 3 1 1 0 0
489 3 1 0 0 0
530 2 0 0 0 0
531 5 0 0 0 0
537 3 0 0 0 0
547 9 3 1 0 0
550 5 0 0 0 0
551 4 0 0 0 0
552 4 0 0 0 0
553 4 0 0 0 0
556 13 0 0 0 0
558 38 13 1 0 0
559 2 0 0 0 0
565 2 1 0 0 0
569 7 2 1 0 0
573 3 0 0 0 0
575 3 1 0 0 0
601 6 0 0 0 0
604 4 1 0 0 0
620 3 0 0 0 0
622 3 0 0 0 0
623 6 0 0 0 0
625 6 1 1 0 0
639 2 0 0 0 0
640 2 0 0 0 0
827 3 0 0 0 0
836 1 0 0 0 0
837 7 0 0 0 0
839 2 1 1 0 0
849 2 1 1 0 0
851 1 0 0 0 0
852 7 1 1 0 0
853 1 0 0 0 0
854 1 0 0 0 0
855 3 1 0 0 0
857 4 0 0 0 0
859 2 0 0 0 0
897 3 1 1 0 0
911 6 2 0 0 0
912 1 0 0 0 0
918 1 0 0 0 0
928 7 0 0 0 0
929 1 0 0 0 0
932 3 1 1 0 0
935 18 3 2 0 0
938 8 0 0 0 0
940 1 0 0 0 0
942 6 2 1 0 0
944 4 0 0 0 0
956 3 0 0 0 0
957 1 0 0 0 0
958 28 7 4 0 0
959 2 1 1 0 0
961 6 0 0 0 0
962 6 0 0 0 0
963 6 0 0 0 0
965 24 6 4 0 0
974 3 1 1 0 0
975 2 0 0 0 0
977 6 1 0 0 0
979 5 1 1 0 0
982 3 0 0 0 0
1093 3 1 0 0 0
1100 2 1 0 0 0
1103 3 1 1 0 0
1116 3 1 1 0 0
1162 7 2 1 0 0
1164 8 0 0 0 0
1166 8 3 1 0 0
1167 1 0 0 0 0
1169 2 1 1 0 0
1171 4 1 1 0 0
1173 2 1 1 0 0
1176 5 2 1 0 0
1185 3 1 0 0 0
1192 3 1 0 0 0
1197 3 0 0 0 0
1199 3 1 1 0 0
1200 2 0 0 0 0
1204 4 0 0 0 0
1206 3 1 0 0 0
1217 6 0 0 0 0
1224 37 10 2 0 0
1225 27 9 6 0 0
1226 5 0 0 0 0
1227 16 8 1 0 0
1228 3 0 0 0 0
1230 16 0 0 0 0
1234 3 1 0 0 0
1251 128 29 5 0 0
1254 3 1 0 0 0
1261 3 1 0 0 0
1265 12 1 0 0 0
fn=hack_digit
167 9 0 0 0 0
170 9 3 3 0 0
172 18 3 0 0 0
180 6 3 0 0 0
184 18 0 0 0 0
186 12 0 0 0 0
187 3 0 0 0 0
189 6 0 0 0 0
190 18 6 3 0 0
201 9 0 0 0 0
202 6 3 1 0 0
203 10 0 0 0 0
207 15 0 0 0 0
fl=/build/glibc-OTsEL5/glibc-2.27/stdio-common/vfprintf.c
fn=vfprintf
1244 14 0 0 0 0
1246 2 0 0 0 0
1275 3 0 0 0 0
1279 1 0 0 0 0
1283 4 1 1 0 0
1287 5 2 0 0 0
1298 4 1 0 0 0
1305 1 0 0 0 0
1309 4 0 0 0 0
1313 1 0 0 0 0
1324 14 2 0 1 1
1325 7 2 1 0 0
1328 11 2 1 1 1
1332 3 1 0 0 0
1336 8 3 1 0 0
1357 3 0 0 0 0
1358 3 0 0 0 0
1359 3 0 0 0 0
1360 3 0 0 0 0
1361 3 0 0 0 0
1362 3 0 0 0 0
1363 3 0 0 0 0
1364 3 0 0 0 0
1365 3 0 0 0 0
1366 3 0 0 0 0
1367 3 0 0 0 0
1370 3 0 0 0 0
1371 3 0 0 0 0
1374 6 0 0 3 2
1375 9 0 0 0 0
1378 45 3 0 0 0
1614 1 0 0 0 0
1615 17 1 0 1 1
1642 298 59 29 2 1
1643 6 0 0 0 0
1660 3 0 0 0 0
1662 6 3 0 0 0
1670 3 0 0 0 0
1674 57 9 3 3 1
1676 10 3 2 0 0
1696 5 2 0 0 0
1697 9 1 0 1 1
1700 12 1 0 0 0
fl=/build/glibc-OTsEL5/glibc-2.27/stdlib/../stdlib/strtol.c
fn=strtol
106 12 0 0 0 0
fn=strtoul
106 40 0 0 0 0
fl=/build/glibc-OTsEL5/glibc-2.27/stdlib/../stdlib/strtol_l.c
fn=____strtol_l_internal
226 27 0 0 0 0
246 6 0 0 0 0
252 6 3 0 0 0
273 3 0 0 0 0
274 3 0 0 0 0
283 12 6 3 0 0
292 18 3 3 0 0
294 6 3 0 0 0
298 3 0 0 0 0
299 6 3 0 0 0
304 6 3 3 0 0
308 6 3 0 0 0
318 6 3 0 0 0
325 6 3 2 0 0
328 15 3 1 0 0
376 3 0 0 0 0
377 3 0 0 0 0
378 3 0 0 0 0
432 22 0 0 0 0
434 56 28 7 0 0
436 33 11 3 0 0
450 9 0 0 0 0
460 3 0 0 0 0
461 3 0 0 0 0
464 33 11 0 0 0
467 33 22 6 0 0
472 14 0 0 0 0
473 33 0 0 0 0
478 6 3 0 0 0
483 6 3 2 0 0
489 6 3 2 0 0
490 6 3 2 0 0
492 9 3 2 0 0
525 24 0 0 0 0
fn=____strtoul_l_internal
226 90 0 0 0 0
246 20 0 0 0 0
252 20 10 0 0 0
273 10 0 0 0 0
274 10 0 0 0 0
283 40 20 2 0 0
292 60 10 2 0 0
294 20 10 0 0 0
298 10 0 0 0 0
299 20 10 0 0 0
304 20 10 2 0 0
308 20 10 1 0 0
310 2 1 1 0 0
318 18 9 0 0 0
325 20 10 3 0 0
328 40 10 0 0 0
373 30 0 0 0 0
374 30 0 0 0 0
376 10 0 0 0 0
377 10 0 0 0 0
378 10 0 0 0 0
432 16 0 0 0 0
434 56 28 4 0 0
436 30 10 4 0 0
443 4 2 0 0 0
450 30 0 0 0 0
460 14 2 0 0 0
461 16 0 0 0 0
464 30 10 2 0 0
467 24 16 5 0 0
472 18 0 0 0 0
473 24 0 0 0 0
478 20 10 2 0 0
483 16 8 0 0 0
484 8 0 0 0 0
496 16 8 0 0 0
507 40 0 0 0 0
514 4 2 0 0 0
516 8 2 2 0 0
521 2 0 0 0 0
524 6 0 0 0 0
525 80 0 0 0 0
fl=/build/glibc-OTsEL5/glibc-2.27/stdlib/../sysdeps/ieee754/dbl-64/dbl2mpn.c
fn=__mpn_extract_double
35 1 0 0 0 0
37 3 0 0 0 0
38 5 0 0 0 0
47 3 0 0 0 0
56 3 1 1 0 0
103 3 0 0 0 0
107 2 0 0 0 0
fl=/build/glibc-OTsEL5/glibc-2.27/stdlib/../sysdeps/x86_64/lshift.S
fn=__mpn_lshift
29 1 0 0 0 0
30 1 0 0 0 0
32 1 0 0 0 0
33 1 0 0 0 0
34 1 1 1 0 0
46 1 0 0 0 0
47 1 1 0 0 0
48 1 0 0 0 0
49 1 0 0 0 0
50 1 0 0 0 0
51 1 0 0 0 0
52 1 1 1 0 0
58 1 0 0 0 0
59 1 0 0 0 0
60 1 0 0 0 0
fl=/build/glibc-OTsEL5/glibc-2.27/stdlib/../sysdeps/x86_64/mul_1.S
fn=__mpn_mul_1
32 9 0 0 0 0
35 9 0 0 0 0
36 9 0 0 0 0
37 9 0 0 0 0
38 9 0 0 0 0
39 9 0 0 0 0
41 9 0 0 0 0
42 9 0 0 0 0
44 9 0 0 0 0
45 9 9 0 0 0
46 9 0 0 0 0
47 9 9 0 0 0
48 9 9 0 0 0
50 9 0 0 0 0
51 9 9 0 0 0
52 9 0 0 0 0
53 9 0 0 0 0
122 9 0 0 0 0
124 9 0 0 0 0
127 9 0 0 0 0
fl=/build/glibc-OTsEL5/glibc-2.27/stdlib/../sysdeps/x86_64/rshift.S
fn=__mpn_rshift
29 2 0 0 0 0
30 2 0 0 0 0
31 2 2 2 0 0
44 2 0 0 0 0
45 2 2 2 0 0
61 2 2 0 0 0
62 2 0 0 0 0
63 2 0 0 0 0
64 2 0 0 0 0
65 2 0 0 0 0
66 2 0 0 0 0
67 2 2 2 0 0
72 2 0 0 0 0
73 2 0 0 0 0
74 2 0 0 0 0
75 2 0 0 0 0
76 2 0 0 0 0
fl=/build/glibc-OTsEL5/glibc-2.27/stdlib/cmp.c
fn=__mpn_cmp
35 2 1 1 0 0
37 1 0 0 0 0
38 1 0 0 0 0
39 2 1 0 0 0
47 5 0 0 0 0
fl=/build/glibc-OTsEL5/glibc-2.27/stdlib/cxa_atexit.c
fn=__cxa_atexit
39 7 2 2 0 0
40 2 0 0 0 0
42 2 1 0 0 0
49 2 0 0 0 0
51 1 0 0 0 0
52 1 0 0 0 0
53 1 0 0 0 0
54 1 0 0 0 0
55 4 2 2 0 0
56 1 0 0 0 0
65 8 0 0 0 0
67 6 0 0 0 0
fn=__new_exitfn
78 3 0 0 0 0
79 2 0 0 0 0
84 2 1 0 0 0
89 8 2 1 0 0
91 3 1 1 0 0
99 2 0 0 0 0
120 1 0 0 0 0
121 2 0 0 0 0
134 1 0 0 0 0
135 1 0 0 0 0
139 4 0 0 0 0
fl=/build/glibc-OTsEL5/glibc-2.27/stdlib/cxa_finalize.c
fn=__cxa_finalize
30 40 0 0 0 0
33 40 10 1 0 0
36 30 10 0 0 0
40 35 5 0 0 0
94 40 10 0 0 0
98 30 5 2 0 0
106 10 5 1 0 0
107 10 0 0 0 0
109 25 15 0 0 0
110 40 0 0 0 0
fl=/build/glibc-OTsEL5/glibc-2.27/stdlib/cxa_thread_atexit_impl.c
fn=__call_tls_dtors
145 3 0 0 0 0
146 4 1 1 0 0
164 4 0 0 0 0
fl=/build/glibc-OTsEL5/glibc-2.27/stdlib/divrem.c
fn=__mpn_divrem
46 72 0 0 0 0
47 9 0 0 0 0
49 18 9 6 0 0
62 9 0 0 0 0
63 9 0 0 0 0
65 18 9 2 0 0
72 67 16 2 0 0
73 21 0 0 0 0
76 18 9 4 0 0
79 9 0 0 0 0
81 9 0 0 0 0
234 81 0 0 0 0
fl=/build/glibc-OTsEL5/glibc-2.27/stdlib/exit.c
fn=__run_exit_handlers
40 10 0 0 0 0
45 3 1 1 0 0
46 2 0 0 0 0
53 1 0 0 0 0
56 16 4 0 0 0
59 2 0 0 0 0
61 5 2 1 0 0
65 1 0 0 0 0
66 5 3 0 0 0
70 6 2 1 0 0
72 2 0 0 0 0
73 1 0 0 0 0
76 5 3 1 0 0
77 8 2 2 0 0
103 1 0 0 0 0
106 3 0 0 0 0
108 3 0 0 1 1
109 1 0 0 0 0
112 7 2 0 0 0
114 2 1 1 0 0
120 2 0 0 0 0
121 2 1 1 0 0
126 5 3 1 0 0
129 2 1 0 0 0
130 14 2 0 1 1
132 2 0 0 0 0
fn=exit
138 1 0 0 0 0
139 4 0 0 0 0
fl=/build/glibc-OTsEL5/glibc-2.27/stdlib/getenv.c
fn=getenv
34 160 0 0 0 0
35 40 0 0 0 0
39 140 40 2 0 0
42 60 20 9 0 0
67 20 0 0 0 0
72 20 0 0 0 0
73 20 0 0 0 0
75 5480 1380 29 0 0
84 2720 1360 14 0 0
91 180 0 0 0 0
fl=/build/glibc-OTsEL5/glibc-2.27/stdlib/rand.c
fn=rand
26 1000000 0 0 0 0
27 1000000 0 0 0 0
28 2000000 0 0 0 0
fl=/build/glibc-OTsEL5/glibc-2.27/stdlib/random.c
fn=random
288 4000000 0 0 0 0
291 5000000 2000000 13 0 0
293 3000000 0 0 0 0
295 4000000 2000000 12 0 0
297 1000000 0 0 0 0
298 5000000 1000000 0 0 0
fl=/build/glibc-OTsEL5/glibc-2.27/stdlib/random_r.c
fn=random_r
357 4000000 2000000 0 0 0
360 2000000 0 0 0 0
362 3000000 1000000 0 0 0
371 1000000 0 0 0 0
372 1000000 0 0 0 0
373 1000000 0 0 0 0
376 3000000 0 0 0 0
378 2000000 0 0 0 0
379 2000000 0 0 0 0
380 2000000 1000000 32261 0 0
388 1935484 967742 32261 0 0
391 1967742 0 0 0 0
392 1000000 0 0 0 0
394 1032258 0 0 0 0
fl=/build/glibc-OTsEL5/glibc-2.27/stdlib/secure-getenv.c
fn=secure_getenv
29 5 1 0 0 0
fl=/build/glibc-OTsEL5/glibc-2.27/string/../bits/stdlib-bsearch.h
fn=intel_check_word.isra.0
27 24 0 0 0 0
28 12 0 0 0 0
29 285 81 13 0 0
31 162 0 0 0 0
32 81 0 0 0 0
37 12 0 0 0 0
fl=/build/glibc-OTsEL5/glibc-2.27/string/../sysdeps/x86/cacheinfo.c
fn=handle_intel.constprop.1
259 30 0 0 0 0
261 3 0 0 0 0
264 9 3 0 0 0
270 3 0 0 0 0
272 3 0 0 0 0
273 3 0 0 0 0
275 12 0 0 0 0
281 15 0 0 0 0
286 6 3 0 0 0
288 6 0 0 0 0
289 3 0 0 0 0
293 18 0 0 0 0
295 6 3 0 0 0
298 21 0 0 0 0
300 6 3 3 0 0
319 33 3 0 0 0
fn=init_cacheinfo
488 7 0 0 0 0
500 2 0 0 0 0
502 6 1 1 0 0
504 3 0 0 0 0
506 3 0 0 0 0
510 1 0 0 0 0
511 3 0 0 0 0
519 2 1 0 0 0
530 1 0 0 0 0
535 3 1 0 0 0
539 2 1 0 0 0
547 9 1 0 0 0
550 14 0 0 0 0
556 8 4 1 0 0
559 26 7 5 0 0
564 2 1 0 0 0
568 4 0 0 0 0
569 1 0 0 0 0
573 2 1 0 0 0
577 3 0 0 0 0
580 3 0 0 0 0
581 1 0 0 0 0
586 8 4 1 0 0
592 2 1 0 0 0
600 8 0 0 0 0
602 7 1 1 0 0
604 7 3 2 0 0
606 6 0 0 0 0
609 2 0 0 0 0
610 8 4 0 0 0
612 4 2 1 0 0
615 2 1 0 0 0
620 1 0 0 0 0
622 4 0 0 0 0
623 3 0 0 0 0
624 1 0 0 0 0
627 2 1 1 0 0
630 3 1 1 0 0
634 2 1 0 0 0
637 1 0 0 0 0
639 4 0 0 0 0
640 1 0 0 0 0
645 2 0 0 0 0
650 2 1 1 0 0
652 2 1 0 0 0
653 1 0 0 0 0
654 2 1 1 0 0
691 4 2 0 0 0
692 5 0 0 0 0
696 2 1 1 0 0
755 2 1 1 0 0
758 2 1 0 0 0
760 3 0 0 0 0
761 1 0 0 0 0
763 1 0 0 0 0
764 3 0 0 0 0
765 1 0 0 0 0
768 2 1 1 0 0
771 2 1 0 0 0
773 3 0 0 0 0
774 1 0 0 0 0
776 1 0 0 0 0
777 3 0 0 0 0
778 1 0 0 0 0
786 2 0 0 0 0
788 8 1 0 0 0
789 8 0 0 0 0
fn=intel_check_word.isra.0
119 162 81 0 0 0
122 81 81 11 0 0
128 36 0 0 0 0
132 12 6 2 0 0
134 3 0 0 0 0
138 42 0 0 0 0
140 48 18 2 0 0
142 15 0 0 0 0
144 30 15 0 0 0
152 30 15 2 0 0
161 13 5 2 0 0
164 30 0 0 0 0
167 24 8 0 0 0
171 16 0 0 0 0
173 36 11 4 0 0
175 14 7 5 0 0
177 8 4 2 0 0
178 14 7 2 0 0
179 10 5 5 0 0
181 3 0 0 0 0
183 6 3 3 0 0
185 9 0 0 0 0
186 12 0 0 0 0
187 9 0 0 0 0
188 15 0 0 0 0
196 5 0 0 0 0
203 24 12 5 0 0
225 12 0 0 0 0
250 12 0 0 0 0
255 36 0 0 0 0
fl=/build/glibc-OTsEL5/glibc-2.27/string/../sysdeps/x86_64/memcmp.S
fn=bcmp
24 2 0 0 0 0
25 2 2 0 0 0
26 2 0 0 0 0
27 2 2 0 0 0
28 2 0 0 0 0
29 2 0 0 0 0
30 2 0 0 0 0
31 2 2 0 0 0
34 2 0 0 0 0
35 2 2 1 0 0
36 1 0 0 0 0
37 1 0 0 0 0
38 1 0 0 0 0
39 1 1 0 0 0
40 1 0 0 0 0
41 1 0 0 0 0
42 1 1 0 0 0
44 2 0 0 0 0
45 2 2 1 0 0
46 1 0 0 0 0
47 1 0 0 0 0
48 1 0 0 0 0
49 1 1 0 0 0
50 1 0 0 0 0
51 1 0 0 0 0
52 1 1 0 0 0
54 2 0 0 0 0
55 2 2 0 0 0
56 2 0 0 0 0
57 2 0 0 0 0
58 2 0 0 0 0
59 2 2 1 0 0
60 1 0 0 0 0
61 1 0 0 0 0
62 1 1 0 0 0
64 1 0 0 0 0
65 1 1 0 0 0
66 1 0 0 0 0
67 1 0 0 0 0
68 1 0 0 0 0
69 1 1 1 0 0
98 2 0 0 0 0
99 2 2 2 0 0
114 2 0 0 0 0
115 2 0 0 0 0
fl=/build/glibc-OTsEL5/glibc-2.27/string/../sysdeps/x86_64/multiarch/../strchr.S
fn=__strchrnul_sse2
24 4 0 0 0 0
25 4 0 0 0 0
26 4 0 0 0 0
27 4 0 0 0 0
28 4 0 0 0 0
29 4 0 0 0 0
30 4 0 0 0 0
31 4 4 1 0 0
32 4 0 0 0 0
33 4 0 0 0 0
34 4 0 0 0 0
35 4 0 0 0 0
36 4 0 0 0 0
37 4 0 0 0 0
38 4 0 0 0 0
39 4 0 0 0 0
40 4 4 0 0 0
41 4 0 0 0 0
43 4 0 0 0 0
50 4 0 0 0 0
fn=index
24 17 0 0 0 0
25 17 0 0 0 0
26 17 0 0 0 0
27 17 0 0 0 0
28 17 0 0 0 0
29 17 0 0 0 0
30 17 0 0 0 0
31 17 17 0 0 0
32 17 0 0 0 0
33 17 0 0 0 0
34 17 0 0 0 0
35 17 0 0 0 0
36 17 0 0 0 0
37 17 0 0 0 0
38 17 0 0 0 0
39 17 0 0 0 0
40 17 17 4 0 0
41 13 0 0 0 0
45 13 0 0 0 0
46 13 0 0 0 0
47 13 0 0 0 0
48 13 0 0 0 0
50 13 0 0 0 0
54 4 0 0 0 0
55 4 0 0 0 0
56 4 0 0 0 0
57 4 0 0 0 0
58 4 0 0 0 0
59 4 0 0 0 0
60 4 0 0 0 0
61 4 0 0 0 0
62 4 0 0 0 0
63 4 0 0 0 0
64 4 0 0 0 0
65 4 0 0 0 0
66 4 0 0 0 0
67 4 0 0 0 0
68 4 0 0 0 0
69 4 0 0 0 0
70 4 0 0 0 0
71 4 0 0 0 0
72 4 0 0 0 0
73 4 0 0 0 0
74 4 0 0 0 0
75 4 0 0 0 0
76 4 0 0 0 0
77 4 4 3 0 0
129 4 0 0 0 0
133 4 0 0 0 0
134 4 0 0 0 0
135 4 0 0 0 0
136 4 0 0 0 0
138 4 0 0 0 0
fl=/build/glibc-OTsEL5/glibc-2.27/string/../sysdeps/x86_64/multiarch/../strlen.S
fn=__strlen_sse2
79 47 0 0 0 0
80 47 0 0 0 0
81 47 0 0 0 0
82 47 0 0 0 0
83 47 0 0 0 0
84 47 0 0 0 0
85 47 0 0 0 0
87 47 0 0 0 0
89 47 47 0 0 0
120 47 0 0 0 0
121 47 0 0 0 0
122 47 0 0 0 0
123 47 0 0 0 0
124 47 47 6 0 0
125 41 0 0 0 0
127 41 0 0 0 0
131 6 0 0 0 0
132 6 0 0 0 0
133 6 0 0 0 0
134 6 0 0 0 0
135 6 0 0 0 0
136 6 0 0 0 0
137 6 0 0 0 0
138 6 0 0 0 0
139 6 0 0 0 0
140 6 0 0 0 0
141 6 0 0 0 0
142 6 0 0 0 0
147 48 6 0 0 0
fn=strlen
79 29 0 0 0 0
80 29 0 0 0 0
81 29 0 0 0 0
82 29 0 0 0 0
83 29 0 0 0 0
84 29 0 0 0 0
85 29 0 0 0 0
87 29 0 0 0 0
89 29 29 1 0 0
120 28 0 0 0 0
121 28 0 0 0 0
122 28 0 0 0 0
123 28 0 0 0 0
124 28 28 11 0 0
125 13 0 0 0 0
127 13 0 0 0 0
131 15 0 0 0 0
132 15 0 0 0 0
133 15 0 0 0 0
134 15 0 0 0 0
135 15 0 0 0 0
136 15 0 0 0 0
137 15 0 0 0 0
138 15 0 0 0 0
139 15 0 0 0 0
140 15 0 0 0 0
141 15 0 0 0 0
142 15 0 0 0 0
147 120 15 0 0 0
151 1 0 0 0 0
152 14 0 0 0 0
153 8 1 0 0 0
fl=/build/glibc-OTsEL5/glibc-2.27/string/../sysdeps/x86_64/multiarch/../strrchr.S
fn=__strrchr_sse2
24 1 0 0 0 0
25 1 0 0 0 0
26 1 0 0 0 0
27 1 0 0 0 0
28 1 0 0 0 0
29 1 0 0 0 0
30 1 0 0 0 0
31 1 1 0 0 0
32 1 0 0 0 0
33 1 0 0 0 0
34 1 0 0 0 0
35 1 0 0 0 0
36 1 0 0 0 0
37 1 0 0 0 0
38 1 0 0 0 0
39 1 0 0 0 0
40 1 1 0 0 0
41 1 0 0 0 0
42 1 0 0 0 0
43 1 0 0 0 0
44 1 1 0 0 0
45 1 0 0 0 0
46 1 0 0 0 0
47 1 0 0 0 0
fl=/build/glibc-OTsEL5/glibc-2.27/string/../sysdeps/x86_64/multiarch/ifunc-avx2.h
fn=memchr
30 4 0 0 0 0
32 3 0 0 0 0
fn=memrchr
30 4 0 0 0 0
32 3 0 0 0 0
fn=rawmemchr
30 4 0 0 0 0
32 3 0 0 0 0
fn=rindex
30 4 0 0 0 0
32 3 0 0 0 0
fn=strchrnul
30 4 0 0 0 0
32 3 0 0 0 0
fn=strlen
30 4 0 0 0 0
32 3 0 0 0 0
fn=strnlen
30 8 0 0 0 0
32 6 0 0 0 0
fl=/build/glibc-OTsEL5/glibc-2.27/string/../sysdeps/x86_64/multiarch/ifunc-memcmp.h
fn=bcmp
32 2 1 0 0 0
33 5 0 0 0 0
38 3 1 1 0 0
fl=/build/glibc-OTsEL5/glibc-2.27/string/../sysdeps/x86_64/multiarch/ifunc-memmove.h
fn=memcpy@@GLIBC_2.14
44 10 2 0 0 0
47 4 2 0 0 0
48 4 0 0 0 0
59 4 2 0 0 0
67 4 2 0 0 0
68 4 2 0 0 0
70 10 0 0 0 0
fn=memmove
44 10 2 0 0 0
47 4 2 0 0 0
48 4 0 0 0 0
59 4 2 0 0 0
67 4 2 0 0 0
68 4 2 1 0 0
70 10 0 0 0 0
fn=mempcpy
44 5 1 0 0 0
47 2 1 0 0 0
48 2 0 0 0 0
59 2 1 0 0 0
67 2 1 0 0 0
68 2 1 0 0 0
70 5 0 0 0 0
fl=/build/glibc-OTsEL5/glibc-2.27/string/../sysdeps/x86_64/multiarch/ifunc-memset.h
fn=memset
42 10 2 0 0 0
45 8 2 1 0 0
46 4 0 0 0 0
57 4 2 2 0 0
65 8 0 0 0 0
fl=/build/glibc-OTsEL5/glibc-2.27/string/../sysdeps/x86_64/multiarch/ifunc-sse4_2.h
fn=strcspn
30 5 0 0 0 0
fn=strpbrk
30 5 0 0 0 0
fn=strspn
30 5 0 0 0 0
fl=/build/glibc-OTsEL5/glibc-2.27/string/../sysdeps/x86_64/multiarch/ifunc-strcasecmp.h
fn=strcasecmp
32 5 1 1 0 0
fn=strcasecmp_l
32 5 1 1 0 0
fn=strncasecmp
32 5 1 1 0 0
fn=strncasecmp_l
32 5 1 1 0 0
fl=/build/glibc-OTsEL5/glibc-2.27/string/../sysdeps/x86_64/multiarch/ifunc-unaligned-ssse3.h
fn=stpcpy
33 4 1 1 0 0
fn=stpncpy
33 4 1 1 0 0
fn=strcat
33 4 1 1 0 0
fn=strcpy
33 4 1 1 0 0
fn=strncpy
33 4 1 1 0 0
fl=/build/glibc-OTsEL5/glibc-2.27/string/../sysdeps/x86_64/multiarch/memchr.c
fn=memchr
29 1 0 0 0 0
fl=/build/glibc-OTsEL5/glibc-2.27/string/../sysdeps/x86_64/multiarch/memcmp.c
fn=bcmp
29 1 0 0 0 0
fl=/build/glibc-OTsEL5/glibc-2.27/string/../sysdeps/x86_64/multiarch/memmove-vec-unaligned-erms.S
fn=__memcpy_sse2_unaligned_erms
267 30 0 0 0 0
268 30 30 13 0 0
269 19 0 0 0 0
270 19 19 5 0 0
271 6 0 0 0 0
272 6 6 3 0 0
273 2 2 1 0 0
274 2 0 0 0 0
275 2 0 0 0 0
277 2 0 0 0 0
299 11 0 0 0 0
300 11 0 0 0 0
301 11 0 0 0 0
302 11 0 0 0 0
303 11 0 0 0 0
306 13 0 0 0 0
307 13 0 0 0 0
308 13 0 0 0 0
309 13 0 0 0 0
310 13 0 0 0 0
313 4 0 0 0 0
314 4 0 0 0 0
315 4 0 0 0 0
316 4 0 0 0 0
317 4 0 0 0 0
fn=__mempcpy_sse2_unaligned
116 5 0 0 0 0
117 5 0 0 0 0
118 5 0 0 0 0
fn=memcpy
129 33 0 0 0 0
131 86 0 0 0 0
132 86 86 38 0 0
133 38 0 0 0 0
134 38 38 15 0 0
139 24 0 0 0 0
140 24 0 0 0 0
141 24 0 0 0 0
142 24 0 0 0 0
147 24 0 0 0 0
267 48 0 0 0 0
268 48 48 22 0 0
269 23 0 0 0 0
270 23 23 8 0 0
271 15 0 0 0 0
272 15 15 2 0 0
273 13 13 5 0 0
274 1 0 0 0 0
275 1 0 0 0 0
277 13 0 0 0 0
299 25 0 0 0 0
300 25 0 0 0 0
301 25 0 0 0 0
302 25 0 0 0 0
303 25 0 0 0 0
306 8 0 0 0 0
307 8 0 0 0 0
308 8 0 0 0 0
309 8 0 0 0 0
310 8 0 0 0 0
313 2 0 0 0 0
314 2 0 0 0 0
315 2 0 0 0 0
316 2 0 0 0 0
317 2 0 0 0 0
327 14 0 0 0 0
328 14 14 0 0 0
329 14 0 0 0 0
330 14 14 6 0 0
352 14 0 0 0 0
353 14 0 0 0 0
354 14 0 0 0 0
355 14 0 0 0 0
356 14 0 0 0 0
357 14 0 0 0 0
358 14 0 0 0 0
359 14 0 0 0 0
361 14 0 0 0 0
fn=memcpy@GLIBC_2.2.5
129 1118665 0 0 0 0
131 1118670 0 0 0 0
132 1118670 1118670 15 0 0
133 1118640 0 0 0 0
134 1118640 1118640 0 0 0
139 1118640 0 0 0 0
140 1118640 0 0 0 0
141 1118640 0 0 0 0
142 1118640 0 0 0 0
147 1118640 0 0 0 0
fn=mempcpy
116 53 0 0 0 0
117 53 0 0 0 0
118 53 0 0 0 0
fl=/build/glibc-OTsEL5/glibc-2.27/string/../sysdeps/x86_64/multiarch/memrchr.c
fn=memrchr
29 1 0 0 0 0
fl=/build/glibc-OTsEL5/glibc-2.27/string/../sysdeps/x86_64/multiarch/memset-vec-unaligned-erms.S
fn=__memset_sse2_unaligned
109 40 0 0 0 0
111 8 0 0 0 0
112 8 8 1 0 0
113 7 0 0 0 0
114 7 7 2 0 0
fn=__memset_sse2_unaligned_erms
174 7 0 0 0 0
175 7 7 2 0 0
185 7 0 0 0 0
186 7 0 0 0 0
187 7 0 0 0 0
188 7 0 0 0 0
189 7 0 0 0 0
190 7 0 0 0 0
191 7 0 0 0 0
192 7 0 0 0 0
193 7 0 0 0 0
194 7 0 0 0 0
195 7 0 0 0 0
196 7 0 0 0 0
197 7 0 0 0 0
198 7 7 0 0 0
200 24 0 0 0 0
201 24 0 0 0 0
202 24 0 0 0 0
203 24 0 0 0 0
204 24 0 0 0 0
205 24 0 0 0 0
206 24 24 8 0 0
207 7 0 0 0 0
222 1 0 0 0 0
223 1 0 0 0 0
224 1 1 0 0 0
225 1 0 0 0 0
226 1 1 0 0 0
227 1 0 0 0 0
228 1 1 0 0 0
229 1 1 1 0 0
233 1 0 0 0 0
fn=memset
109 185 0 0 0 0
111 37 0 0 0 0
112 37 37 9 0 0
113 24 0 0 0 0
114 24 24 6 0 0
116 4 0 0 0 0
117 4 0 0 0 0
119 4 0 0 0 0
174 20 0 0 0 0
175 20 20 4 0 0
185 20 0 0 0 0
186 20 0 0 0 0
187 20 0 0 0 0
188 20 0 0 0 0
189 20 0 0 0 0
190 20 0 0 0 0
191 20 0 0 0 0
192 20 0 0 0 0
193 20 0 0 0 0
194 20 0 0 0 0
195 20 0 0 0 0
196 20 0 0 0 0
197 20 0 0 0 0
198 20 20 0 0 0
200 104 0 0 0 0
201 104 0 0 0 0
202 104 0 0 0 0
203 104 0 0 0 0
204 104 0 0 0 0
205 104 0 0 0 0
206 104 104 20 0 0
207 20 0 0 0 0
222 13 0 0 0 0
223 13 0 0 0 0
224 13 13 9 0 0
225 6 0 0 0 0
226 6 6 5 0 0
227 2 0 0 0 0
228 2 2 2 0 0
252 7 0 0 0 0
253 7 0 0 0 0
255 7 0 0 0 0
258 4 0 0 0 0
259 4 0 0 0 0
261 4 0 0 0 0
264 2 0 0 0 0
265 2 0 0 0 0
267 2 0 0 0 0
fl=/build/glibc-OTsEL5/glibc-2.27/string/../sysdeps/x86_64/multiarch/memset.c
fn=memset
29 2 0 0 0 0
fl=/build/glibc-OTsEL5/glibc-2.27/string/../sysdeps/x86_64/multiarch/rawmemchr.c
fn=rawmemchr
31 1 0 0 0 0
fl=/build/glibc-OTsEL5/glibc-2.27/string/../sysdeps/x86_64/multiarch/stpcpy.c
fn=stpcpy
33 1 0 0 0 0
fl=/build/glibc-OTsEL5/glibc-2.27/string/../sysdeps/x86_64/multiarch/stpncpy.c
fn=stpncpy
31 1 0 0 0 0
fl=/build/glibc-OTsEL5/glibc-2.27/string/../sysdeps/x86_64/multiarch/strcasecmp.c
fn=strcasecmp
31 1 0 0 0 0
fl=/build/glibc-OTsEL5/glibc-2.27/string/../sysdeps/x86_64/multiarch/strcasecmp_l.c
fn=strcasecmp_l
31 1 0 0 0 0
fl=/build/glibc-OTsEL5/glibc-2.27/string/../sysdeps/x86_64/multiarch/strcat.c
fn=strcat
29 1 0 0 0 0
fl=/build/glibc-OTsEL5/glibc-2.27/string/../sysdeps/x86_64/multiarch/strchr.c
fn=index
38 3 1 0 0 0
40 4 0 0 0 0
43 4 0 0 0 0
49 1 0 0 0 0
fl=/build/glibc-OTsEL5/glibc-2.27/string/../sysdeps/x86_64/multiarch/strchrnul.c
fn=strchrnul
31 1 0 0 0 0
fl=/build/glibc-OTsEL5/glibc-2.27/string/../sysdeps/x86_64/multiarch/strcmp.c
fn=strcmp
38 4 1 1 0 0
47 1 0 0 0 0
fl=/build/glibc-OTsEL5/glibc-2.27/string/../sysdeps/x86_64/multiarch/strcpy.c
fn=strcpy
29 1 0 0 0 0
fl=/build/glibc-OTsEL5/glibc-2.27/string/../sysdeps/x86_64/multiarch/strcspn.c
fn=strcspn
29 1 0 0 0 0
fl=/build/glibc-OTsEL5/glibc-2.27/string/../sysdeps/x86_64/multiarch/strlen.c
fn=strlen
29 1 0 0 0 0
fl=/build/glibc-OTsEL5/glibc-2.27/string/../sysdeps/x86_64/multiarch/strncase.c
fn=strncasecmp
31 1 0 0 0 0
fl=/build/glibc-OTsEL5/glibc-2.27/string/../sysdeps/x86_64/multiarch/strncase_l.c
fn=strncasecmp_l
31 1 0 0 0 0
fl=/build/glibc-OTsEL5/glibc-2.27/string/../sysdeps/x86_64/multiarch/strncmp.c
fn=strncmp
38 4 1 0 0 0
39 3 1 1 0 0
48 1 0 0 0 0
fl=/build/glibc-OTsEL5/glibc-2.27/string/../sysdeps/x86_64/multiarch/strncpy.c
fn=strncpy
29 1 0 0 0 0
fl=/build/glibc-OTsEL5/glibc-2.27/string/../sysdeps/x86_64/multiarch/strnlen.c
fn=strnlen
31 2 0 0 0 0
fl=/build/glibc-OTsEL5/glibc-2.27/string/../sysdeps/x86_64/multiarch/strpbrk.c
fn=strpbrk
29 1 0 0 0 0
fl=/build/glibc-OTsEL5/glibc-2.27/string/../sysdeps/x86_64/multiarch/strrchr.c
fn=rindex
28 1 0 0 0 0
fl=/build/glibc-OTsEL5/glibc-2.27/string/../sysdeps/x86_64/multiarch/strspn.c
fn=strspn
29 1 0 0 0 0
fl=/build/glibc-OTsEL5/glibc-2.27/string/../sysdeps/x86_64/strcmp.S
fn=strcmp
144 948 0 0 0 0
145 948 0 0 0 0
147 948 0 0 0 0
148 948 0 0 0 0
169 948 0 0 0 0
170 948 948 88 0 0
171 802 0 0 0 0
172 802 802 103 0 0
173 560 0 0 0 0
174 560 0 0 0 0
175 560 0 0 0 0
176 560 0 0 0 0
197 560 0 0 0 0
198 560 0 0 0 0
199 560 0 0 0 0
200 560 0 0 0 0
201 560 0 0 0 0
202 560 0 0 0 0
203 560 560 49 0 0
208 19 0 0 0 0
209 19 0 0 0 0
218 407 0 0 0 0
219 407 0 0 0 0
220 407 0 0 0 0
221 407 0 0 0 0
222 407 0 0 0 0
223 407 0 0 0 0
224 407 0 0 0 0
225 407 407 20 0 0
226 326 326 56 0 0
227 247 0 0 0 0
228 247 0 0 0 0
229 247 0 0 0 0
231 326 0 0 0 0
232 326 0 0 0 0
233 326 0 0 0 0
234 326 0 0 0 0
235 326 0 0 0 0
236 326 0 0 326 143
246 81 0 0 0 0
247 81 0 0 0 0
248 81 0 0 0 0
250 81 0 0 0 0
256 81 0 0 0 0
257 81 0 0 0 0
258 81 0 0 0 0
259 81 0 0 0 0
260 81 0 0 0 0
265 81 81 2 0 0
267 78 0 0 0 0
268 78 0 0 0 0
269 156 0 0 0 0
277 78 0 0 0 0
278 78 0 0 0 0
281 78 0 0 0 0
282 78 0 0 0 0
283 78 0 0 0 0
284 78 0 0 0 0
285 78 0 0 0 0
286 78 78 8 0 0
317 84 0 0 0 0
318 84 0 0 0 0
319 84 0 0 0 0
320 84 0 0 0 0
321 84 0 0 0 0
323 84 0 0 0 0
324 84 0 0 0 0
325 84 0 0 0 0
326 84 0 0 0 0
327 84 0 0 0 0
328 84 0 0 0 0
329 84 84 27 0 0
330 24 0 0 0 0
333 24 0 0 0 0
334 24 0 0 0 0
335 24 0 0 0 0
341 24 0 0 0 0
342 24 0 0 0 0
343 48 0 0 0 0
347 24 0 0 0 0
348 24 24 3 0 0
351 24 0 0 0 0
352 24 0 0 0 0
353 24 0 0 0 0
356 24 0 0 0 0
357 24 0 0 0 0
358 24 0 0 0 0
364 24 0 0 0 0
365 24 0 0 0 0
366 24 0 0 0 0
367 24 0 0 0 0
368 24 0 0 0 0
369 24 24 19 0 0
447 2 0 0 0 0
448 2 0 0 0 0
449 2 0 0 0 0
450 2 0 0 0 0
451 2 0 0 0 0
453 2 0 0 0 0
454 2 0 0 0 0
455 2 0 0 0 0
456 2 0 0 0 0
457 2 0 0 0 0
458 2 0 0 0 0
459 2 2 1 0 0
460 2 0 0 0 0
463 2 0 0 0 0
464 2 0 0 0 0
465 2 0 0 0 0
471 2 0 0 0 0
472 2 0 0 0 0
473 4 0 0 0 0
477 2 0 0 0 0
478 2 2 0 0 0
481 2 0 0 0 0
482 2 0 0 0 0
483 2 0 0 0 0
486 2 0 0 0 0
487 2 0 0 0 0
488 2 0 0 0 0
494 2 0 0 0 0
495 2 0 0 0 0
496 2 0 0 0 0
497 2 0 0 0 0
498 2 0 0 0 0
499 2 2 2 0 0
696 2 0 0 0 0
697 2 0 0 0 0
698 2 0 0 0 0
699 2 0 0 0 0
700 2 0 0 0 0
702 2 0 0 0 0
703 2 0 0 0 0
704 2 0 0 0 0
705 2 0 0 0 0
706 2 0 0 0 0
707 2 0 0 0 0
708 2 2 1 0 0
709 2 0 0 0 0
713 2 0 0 0 0
714 2 0 0 0 0
715 2 0 0 0 0
721 2 0 0 0 0
722 2 0 0 0 0
723 4 0 0 0 0
727 2 0 0 0 0
728 2 2 0 0 0
731 2 0 0 0 0
732 2 0 0 0 0
733 2 0 0 0 0
736 2 0 0 0 0
737 2 0 0 0 0
738 2 0 0 0 0
744 2 0 0 0 0
745 2 0 0 0 0
746 2 0 0 0 0
747 2 0 0 0 0
748 2 0 0 0 0
749 2 2 2 0 0
821 2 0 0 0 0
822 2 0 0 0 0
823 2 0 0 0 0
824 2 0 0 0 0
825 2 0 0 0 0
827 2 0 0 0 0
828 2 0 0 0 0
829 2 0 0 0 0
830 2 0 0 0 0
831 2 0 0 0 0
832 2 0 0 0 0
833 2 2 0 0 0
834 2 0 0 0 0
838 2 0 0 0 0
839 2 0 0 0 0
840 2 0 0 0 0
846 2 0 0 0 0
847 2 0 0 0 0
848 4 0 0 0 0
852 2 0 0 0 0
853 2 2 0 0 0
856 2 0 0 0 0
857 2 0 0 0 0
858 2 0 0 0 0
861 2 0 0 0 0
862 2 0 0 0 0
863 2 0 0 0 0
869 2 0 0 0 0
870 2 0 0 0 0
871 2 0 0 0 0
872 2 0 0 0 0
873 2 0 0 0 0
874 2 2 1 0 0
946 4 0 0 0 0
947 4 0 0 0 0
948 4 0 0 0 0
949 4 0 0 0 0
950 4 0 0 0 0
952 4 0 0 0 0
953 4 0 0 0 0
954 4 0 0 0 0
955 4 0 0 0 0
956 4 0 0 0 0
957 4 0 0 0 0
958 4 4 2 0 0
959 1 0 0 0 0
963 1 0 0 0 0
964 1 0 0 0 0
965 1 0 0 0 0
971 1 0 0 0 0
972 1 0 0 0 0
973 2 0 0 0 0
977 1 0 0 0 0
978 1 1 0 0 0
981 1 0 0 0 0
982 1 0 0 0 0
983 1 0 0 0 0
986 1 0 0 0 0
987 1 0 0 0 0
988 1 0 0 0 0
994 1 0 0 0 0
995 1 0 0 0 0
996 1 0 0 0 0
997 1 0 0 0 0
998 1 0 0 0 0
999 1 1 0 0 0
1071 90 0 0 0 0
1072 90 0 0 0 0
1073 90 0 0 0 0
1074 90 0 0 0 0
1075 90 0 0 0 0
1077 90 0 0 0 0
1078 90 0 0 0 0
1079 90 0 0 0 0
1080 90 0 0 0 0
1081 90 0 0 0 0
1082 90 0 0 0 0
1083 90 90 19 0 0
1084 12 0 0 0 0
1088 12 0 0 0 0
1089 12 0 0 0 0
1090 12 0 0 0 0
1096 12 0 0 0 0
1097 12 0 0 0 0
1098 24 0 0 0 0
1102 12 0 0 0 0
1103 12 12 0 0 0
1106 12 0 0 0 0
1107 12 0 0 0 0
1108 12 0 0 0 0
1111 12 0 0 0 0
1112 12 0 0 0 0
1113 12 0 0 0 0
1119 12 0 0 0 0
1120 12 0 0 0 0
1121 12 0 0 0 0
1122 12 0 0 0 0
1123 12 0 0 0 0
1124 12 12 8 0 0
1131 1 0 0 0 0
1132 1 0 0 0 0
1134 1 0 0 0 0
1135 1 1 0 0 0
1137 1 0 0 0 0
1138 1 0 0 0 0
1139 1 0 0 0 0
1142 1 0 0 0 0
1143 1 0 0 0 0
1144 1 0 0 0 0
1150 1 0 0 0 0
1151 1 0 0 0 0
1152 1 0 0 0 0
1153 1 0 0 0 0
1154 1 0 0 0 0
1155 1 1 1 0 0
1196 13 0 0 0 0
1197 13 0 0 0 0
1198 13 0 0 0 0
1199 13 0 0 0 0
1200 13 0 0 0 0
1202 13 0 0 0 0
1203 13 0 0 0 0
1204 13 0 0 0 0
1205 13 0 0 0 0
1206 13 0 0 0 0
1207 13 0 0 0 0
1208 13 13 8 0 0
1209 4 0 0 0 0
1213 4 0 0 0 0
1214 4 0 0 0 0
1215 4 0 0 0 0
1221 4 0 0 0 0
1222 4 0 0 0 0
1223 8 0 0 0 0
1227 4 0 0 0 0
1228 4 4 0 0 0
1231 4 0 0 0 0
1232 4 0 0 0 0
1233 4 0 0 0 0
1236 4 0 0 0 0
1237 4 0 0 0 0
1238 4 0 0 0 0
1244 4 0 0 0 0
1245 4 0 0 0 0
1246 4 0 0 0 0
1247 4 0 0 0 0
1248 4 0 0 0 0
1249 4 4 1 0 0
1321 21 0 0 0 0
1322 21 0 0 0 0
1323 21 0 0 0 0
1324 21 0 0 0 0
1325 21 0 0 0 0
1327 21 0 0 0 0
1328 21 0 0 0 0
1329 21 0 0 0 0
1330 21 0 0 0 0
1331 21 0 0 0 0
1332 21 0 0 0 0
1333 21 21 5 0 0
1334 12 0 0 0 0
1338 12 0 0 0 0
1339 12 0 0 0 0
1340 12 0 0 0 0
1346 12 0 0 0 0
1347 12 0 0 0 0
1348 24 0 0 0 0
1352 12 0 0 0 0
1353 12 12 0 0 0
1356 12 0 0 0 0
1357 12 0 0 0 0
1358 12 0 0 0 0
1361 12 0 0 0 0
1362 12 0 0 0 0
1363 12 0 0 0 0
1369 12 0 0 0 0
1370 12 0 0 0 0
1371 12 0 0 0 0
1372 12 0 0 0 0
1373 12 0 0 0 0
1374 12 12 3 0 0
1571 5 0 0 0 0
1572 5 0 0 0 0
1573 5 0 0 0 0
1574 5 0 0 0 0
1575 5 0 0 0 0
1577 5 0 0 0 0
1578 5 0 0 0 0
1579 5 0 0 0 0
1580 5 0 0 0 0
1581 5 0 0 0 0
1582 5 0 0 0 0
1583 5 5 1 0 0
1584 5 0 0 0 0
1588 5 0 0 0 0
1589 5 0 0 0 0
1590 5 0 0 0 0
1596 5 0 0 0 0
1597 5 0 0 0 0
1598 10 0 0 0 0
1602 5 0 0 0 0
1603 5 5 0 0 0
1606 5 0 0 0 0
1607 5 0 0 0 0
1608 5 0 0 0 0
1611 5 0 0 0 0
1612 5 0 0 0 0
1613 5 0 0 0 0
1619 5 0 0 0 0
1620 5 0 0 0 0
1621 5 0 0 0 0
1622 5 0 0 0 0
1623 5 0 0 0 0
1624 5 5 1 0 0
1696 45 0 0 0 0
1697 45 0 0 0 0
1698 45 0 0 0 0
1699 45 0 0 0 0
1700 45 0 0 0 0
1702 45 0 0 0 0
1703 45 0 0 0 0
1704 45 0 0 0 0
1705 45 0 0 0 0
1706 45 0 0 0 0
1707 45 0 0 0 0
1708 45 45 9 0 0
1709 23 0 0 0 0
1713 23 0 0 0 0
1714 23 0 0 0 0
1715 23 0 0 0 0
1721 23 0 0 0 0
1722 23 0 0 0 0
1723 46 0 0 0 0
1727 23 0 0 0 0
1728 23 23 0 0 0
1731 23 0 0 0 0
1732 23 0 0 0 0
1733 23 0 0 0 0
1736 23 0 0 0 0
1737 23 0 0 0 0
1738 23 0 0 0 0
1744 23 0 0 0 0
1745 23 0 0 0 0
1746 23 0 0 0 0
1747 23 0 0 0 0
1748 23 0 0 0 0
1749 23 23 10 0 0
1756 2 0 0 0 0
1757 2 0 0 0 0
1759 2 0 0 0 0
1760 2 2 0 0 0
1762 2 0 0 0 0
1763 2 0 0 0 0
1764 2 0 0 0 0
1767 2 0 0 0 0
1768 2 0 0 0 0
1769 2 0 0 0 0
1775 2 0 0 0 0
1776 2 0 0 0 0
1777 2 0 0 0 0
1778 2 0 0 0 0
1779 2 0 0 0 0
1780 2 2 2 0 0
1821 27 0 0 0 0
1822 27 0 0 0 0
1823 27 0 0 0 0
1824 27 0 0 0 0
1825 27 0 0 0 0
1827 27 0 0 0 0
1828 27 0 0 0 0
1829 27 0 0 0 0
1830 27 0 0 0 0
1831 27 0 0 0 0
1832 27 0 0 0 0
1833 27 27 11 0 0
1834 13 0 0 0 0
1838 13 0 0 0 0
1839 13 0 0 0 0
1840 13 0 0 0 0
1846 13 0 0 0 0
1847 13 0 0 0 0
1848 26 0 0 0 0
1852 13 0 0 0 0
1853 13 13 0 0 0
1856 13 0 0 0 0
1857 13 0 0 0 0
1858 13 0 0 0 0
1861 13 0 0 0 0
1862 13 0 0 0 0
1863 13 0 0 0 0
1869 13 0 0 0 0
1870 13 0 0 0 0
1871 13 0 0 0 0
1872 13 0 0 0 0
1873 13 0 0 0 0
1874 13 13 8 0 0
1946 10 0 0 0 0
1947 10 0 0 0 0
1948 10 0 0 0 0
1949 10 0 0 0 0
1950 10 0 0 0 0
1952 10 0 0 0 0
1953 10 0 0 0 0
1954 10 0 0 0 0
1955 10 0 0 0 0
1956 10 0 0 0 0
1957 10 0 0 0 0
1958 10 10 4 0 0
1959 5 0 0 0 0
1963 5 0 0 0 0
1964 5 0 0 0 0
1965 5 0 0 0 0
1971 5 0 0 0 0
1972 5 0 0 0 0
1973 10 0 0 0 0
1977 5 0 0 0 0
1978 5 5 0 0 0
1981 5 0 0 0 0
1982 5 0 0 0 0
1983 5 0 0 0 0
1986 5 0 0 0 0
1987 5 0 0 0 0
1988 5 0 0 0 0
1994 5 0 0 0 0
1995 5 0 0 0 0
1996 5 0 0 0 0
1997 5 0 0 0 0
1998 5 0 0 0 0
1999 5 5 1 0 0
2071 21 0 0 0 0
2072 21 0 0 0 0
2073 21 0 0 0 0
2074 21 0 0 0 0
2075 21 0 0 0 0
2077 21 0 0 0 0
2078 21 0 0 0 0
2079 21 0 0 0 0
2080 21 0 0 0 0
2081 21 0 0 0 0
2082 21 0 0 0 0
2083 21 21 11 0 0
2085 7 0 0 0 0
2089 7 0 0 0 0
2090 7 0 0 0 0
2091 7 0 0 0 0
2097 7 0 0 0 0
2098 7 0 0 0 0
2100 14 0 0 0 0
2104 7 0 0 0 0
2105 7 7 0 0 0
2108 7 0 0 0 0
2109 7 0 0 0 0
2110 7 0 0 0 0
2113 7 0 0 0 0
2114 7 0 0 0 0
2115 7 0 0 0 0
2121 7 0 0 0 0
2122 7 0 0 0 0
2123 7 0 0 0 0
2124 7 0 0 0 0
2125 7 0 0 0 0
2126 7 7 0 0 0
2200 190 0 0 0 0
2202 407 0 0 0 0
2203 407 0 0 0 0
2204 407 0 0 0 0
2205 407 407 49 0 0
2206 741 0 0 0 0
2211 948 0 0 0 0
2217 948 0 0 0 0
2218 948 0 0 0 0
2226 948 0 0 0 0
2227 948 0 0 0 0
fl=/build/glibc-OTsEL5/glibc-2.27/string/../sysdeps/x86_64/strcspn.S
fn=strcspn
30 1 0 0 0 0
37 1 0 0 0 0
38 1 0 0 0 0
40 1 0 0 0 0
41 1 0 0 0 0
42 1 0 0 0 0
43 1 0 0 0 0
44 33 32 10 0 0
47 2 0 0 0 0
54 1 0 0 0 0
55 1 0 0 0 0
56 1 1 0 0 0
57 1 0 0 0 0
59 1 0 0 0 0
60 1 0 0 0 0
61 1 1 0 0 0
62 1 0 0 0 0
64 1 0 0 0 0
65 1 0 0 0 0
66 1 1 1 0 0
75 3 0 0 0 0
87 12 0 0 0 0
89 12 0 0 0 0
90 12 0 0 0 0
91 12 12 0 0 0
93 12 0 0 0 0
94 12 0 0 0 0
95 12 12 0 0 0
97 12 0 0 0 0
98 12 0 0 0 0
99 12 12 0 0 0
101 12 0 0 0 0
102 12 0 0 0 0
103 12 12 3 0 0
105 1 0 0 0 0
106 1 0 0 0 0
107 1 0 0 0 0
109 1 0 0 0 0
116 1 0 0 0 0
120 1 0 0 0 0
fl=/build/glibc-OTsEL5/glibc-2.27/string/strdup.c
fn=strdup
40 24 0 0 0 0
41 12 0 0 0 0
42 12 0 0 0 0
44 12 6 0 0 0
47 24 0 0 0 0
48 18 0 0 0 0
fl=/build/glibc-OTsEL5/glibc-2.27/time/../sysdeps/generic/dl-hash.h
fn=gettimeofday
43 2 0 0 0 0
44 2 0 0 0 0
45 26 8 5 0 0
48 24 0 0 0 0
62 32 0 0 0 0
67 2 0 0 0 0
fn=time
44 1 0 0 0 0
45 13 4 3 0 0
48 12 0 0 0 0
62 16 0 0 0 0
67 1 0 0 0 0
fl=/build/glibc-OTsEL5/glibc-2.27/time/../sysdeps/unix/sysv/linux/x86/gettimeofday.c
fn=__gettimeofday_syscall
29 8 2 1 0 0
30 2 0 0 0 0
fn=gettimeofday
42 32 2 0 0 0
fl=/build/glibc-OTsEL5/glibc-2.27/time/../sysdeps/unix/sysv/linux/x86/time.c
fn=time
43 17 1 0 0 0
fl=/build/glibc-OTsEL5/glibc-2.27/wcsmbs/../sysdeps/x86_64/multiarch/ifunc-avx2.h
fn=wcschr
30 8 0 0 0 0
32 6 0 0 0 0
fn=wcslen
30 4 0 0 0 0
32 3 0 0 0 0
fn=wmemchr
30 8 0 0 0 0
32 6 0 0 0 0
fl=/build/glibc-OTsEL5/glibc-2.27/wcsmbs/../sysdeps/x86_64/multiarch/ifunc-wmemset.h
fn=wmemset
30 6 2 0 0 0
32 8 0 0 0 0
fl=/build/glibc-OTsEL5/glibc-2.27/wcsmbs/../sysdeps/x86_64/multiarch/wcschr.c
fn=wcschr
31 2 0 0 0 0
fl=/build/glibc-OTsEL5/glibc-2.27/wcsmbs/../sysdeps/x86_64/multiarch/wcslen.c
fn=wcslen
29 1 0 0 0 0
fl=/build/glibc-OTsEL5/glibc-2.27/wcsmbs/../sysdeps/x86_64/multiarch/wcsnlen.c
fn=wcsnlen
38 3 1 0 0 0
40 3 0 0 0 0
43 4 0 0 0 0
49 1 0 0 0 0
fl=/build/glibc-OTsEL5/glibc-2.27/wcsmbs/../sysdeps/x86_64/multiarch/wmemchr.c
fn=wmemchr
31 2 0 0 0 0
fl=/build/glibc-OTsEL5/glibc-2.27/wcsmbs/../sysdeps/x86_64/multiarch/wmemset.c
fn=wmemset
31 2 0 0 0 0
fl=/home/phil/Dev/hpp/ind/ompquicksort.c
fn=main
194 10 0 0 0 0
195 3 1 0 0 0
202 2 0 0 0 0
203 4 0 0 0 0
205 2000005 1000001 7 0 0
206 11000001 0 0 0 0
210 3 0 0 0 0
211 8 0 0 0 0
216 3 0 0 0 0
218 5 0 0 0 0
219 3 0 0 0 0
231 2 0 0 0 0
232 1 0 0 0 0
233 11 1 0 0 0
fn=main._omp_fn.2
211 96 8 3 0 0
214 5 0 0 0 0
fn=part
135 1006566679 0 0 0 0
136 999500 0 0 0 0
137 1006566679 0 0 0 0
138 2012133858 0 0 0 0
171 1999000 0 0 0 0
172 2998500 0 0 0 0
174 3035578767 1011859589 1000019 0 0
175 5054300445 1010860089 3629377 0 0
176 1005567179 0 0 0 0
177 2011134358 0 0 0 0
180 1999000 0 0 0 0
182 1999000 0 0 0 0
fn=quicksort
184 15992008 0 0 0 0
185 3998002 1999001 484388 0 0
186 1999000 0 0 0 0
187 14992500 0 0 0 0
189 14992500 0 0 0 0
192 21989009 1999001 76615 0 0
fn=quicksort._omp_fn.0
187 2998500 0 0 0 0
188 4997500 0 0 0 0
fn=quicksort._omp_fn.1
189 2998500 0 0 0 0
190 4997500 0 0 0 0
fl=/usr/include/stdlib.h
fn=main
363 15 0 0 0 0
fl=/usr/include/x86_64-linux-gnu/bits/stdio2.h
fn=main
104 6 0 0 0 0
fl=???
fn=???
0 129182694 30269273 321638 7473892 941104
fn=GOMP_parallel
0 28 0 0 1 1
fn=GOMP_parallel_end
0 15 1 0 0 0
fn=GOMP_single_start
0 80 8 0 0 0
fn=GOMP_task
0 284003442 40934160 714870 880363 381
fn=__libc_csu_init
0 34 2 0 1 1
fn=_start
0 11 0 0 1 1
fn=omp_set_num_threads
0 13 1 1 0 0
summary: 15851182621 2135854381 6348439 8354950 941800
